-99 -24.			    0.284011 524
-99 -22				    0.283165 473
-99 -20				    0.281089 516
-99 -18				    0.276867 460
-99 -16				    0.276254 453
-99 -14				    0.277655 259
-99 -12				    0.26995  251
-99 -10				    0.274702 265
-99 -8				    0.27049  217
-99 -6				    0.272515 253
-99 -4				    0.272242 245
-99 -2				    0.276031 223
-99 0				    0.272404 242
-99 2				    0.274122 279
-99 4				    0.274773 237
-99 6				    0.27359  230
-99 8				    0.275973 244
-99 10				    0.271485 221
-99 12				    0.27448  251
-99 14				    0.27657  301
-99 16				    0.278138 421
-99 18				    0.282014 571
-99 20				    0.281238 514
-99 22				    0.279496 487
-99 24				    0.281944 570
-97 -24.			    0.271075 277
-97 -22				    0.272936 321
-97 -20				    0.275187 325
-97 -18				    0.275612 285
-97 -16				    0.275652 310
-97 -14				    0.274232 297
-97 -12				    0.276576 342
-97 -10				    0.273042 355
-97 -8				    0.276501 368
-97 -6				    0.275245 402
-97 -4				    0.271407 441
-97 -2				    0.274325 432
-97 0				    0.270071 442
-97 2				    0.273031 432
-97 4				    0.272085 422
-97 6				    0.27397  407
-97 8				    0.269826 354
-97 10				    0.274346 344
-97 12				    0.278745 301
-97 14				    0.274896 309
-97 16				    0.272644 325
-97 18				    0.273459 293
-97 20				    0.279294 303
-97 22				    0.274929 301
-97 24				    0.27459  336
-95 -24.			    0.272418 323
-95 -22				    0.273229 344
-95 -20				    0.27521  305
-95 -18				    0.276808 309
-95 -16				    0.2697   297
-95 -14				    0.274512 298
-95 -12				    0.270309 311
-95 -10				    0.275464 349
-95 -8				    0.275791 376
-95 -6				    0.271796 390
-95 -4				    0.271746 425
-95 -2				    0.276525 455
-95 0				    0.273706 430
-95 2				    0.2732   445
-95 4				    0.272487 494
-95 6				    0.278153 394
-95 8				    0.276551 374
-95 10				    0.272835 350
-95 12				    0.272912 313
-95 14				    0.272768 281
-95 16				    0.275139 290
-95 18				    0.272327 281
-95 20				    0.274104 305
-95 22				    0.273078 300
-95 24				    0.273078 332
-93 -24.			    0.273464 325
-93 -22				    0.272437 331
-93 -20				    0.273982 309
-93 -18				    0.276537 323
-93 -16				    0.275676 324
-93 -14				    0.272327 303
-93 -12				    0.27439  323
-93 -10				    0.274203 292
-93 -8				    0.269241 354
-93 -6				    0.271211 401
-93 -4				    0.276093 431
-93 -2				    0.279803 472
-93 0				    0.270142 433
-93 2				    0.276472 448
-93 4				    0.276593 458
-93 6				    0.275007 401
-93 8				    0.272845 357
-93 10				    0.273943 336
-93 12				    0.27498  302
-93 14				    0.269274 298
-93 16				    0.277858 329
-93 18				    0.273164 279
-93 20				    0.27071  295
-93 22				    0.274281 302
-93 24				    0.276526 335
-91 -24.			    0.271624 298
-91 -22				    0.273617 290
-91 -20				    0.273613 356
-91 -18				    0.270321 305
-91 -16				    0.275594 324
-91 -14				    0.27614  292
-91 -12				    0.270586 284
-91 -10				    0.279812 324
-91 -8				    0.276575 361
-91 -6				    0.275582 351
-91 -4				    0.272467 429
-91 -2				    0.275777 461
-91 0				    0.273581 473
-91 2				    0.274131 485
-91 4				    0.277175 412
-91 6				    0.274573 424
-91 8				    0.276349 339
-91 10				    0.274716 330
-91 12				    0.275876 312
-91 14				    0.275815 316
-91 16				    0.270954 291
-91 18				    0.273762 351
-91 20				    0.271432 317
-91 22				    0.276795 342
-91 24				    0.273147 294
-89 -24.			    0.273903 317
-89 -22				    0.268546 347
-89 -20				    0.273293 333
-89 -18				    0.274166 299
-89 -16				    0.272685 330
-89 -14				    0.275841 328
-89 -12				    0.27399  319
-89 -10				    0.274593 322
-89 -8				    0.276526 341
-89 -6				    0.271582 406
-89 -4				    0.271393 405
-89 -2				    0.274316 480
-89 0				    0.279119 455
-89 2				    0.271498 428
-89 4				    0.277418 432
-89 6				    0.277407 376
-89 8				    0.271116 347
-89 10				    0.273122 324
-89 12				    0.279181 334
-89 14				    0.277    328
-89 16				    0.277191 315
-89 18				    0.272702 321
-89 20				    0.27064  330
-89 22				    0.27498  317
-89 24				    0.273151 350
-87 -24.			    0.273688 317
-87 -22				    0.274421 330
-87 -20				    0.2752   355
-87 -18				    0.280238 319
-87 -16				    0.27482  320
-87 -14				    0.273044 336
-87 -12				    0.276553 315
-87 -10				    0.272442 347
-87 -8				    0.273647 333
-87 -6				    0.27424  395
-87 -4				    0.271971 429
-87 -2				    0.278443 448
-87 0				    0.272155 465
-87 2				    0.275136 490
-87 4				    0.274918 383
-87 6				    0.273174 377
-87 8				    0.273656 327
-87 10				    0.279709 345
-87 12				    0.275634 326
-87 14				    0.271296 304
-87 16				    0.27251  314
-87 18				    0.27704  330
-87 20				    0.277313 328
-87 22				    0.27819  318
-87 24				    0.271444 317
-85 -24.			    0.27229  316
-85 -22				    0.273965 325
-85 -20				    0.273797 332
-85 -18				    0.275892 308
-85 -16				    0.275061 310
-85 -14				    0.272065 322
-85 -12				    0.275796 336
-85 -10				    0.274463 304
-85 -8				    0.27768  295
-85 -6				    0.277969 350
-85 -4				    0.277844 416
-85 -2				    0.276601 453
-85 0				    0.275308 466
-85 2				    0.271798 462
-85 4				    0.272166 368
-85 6				    0.271334 362
-85 8				    0.275773 314
-85 10				    0.27513  331
-85 12				    0.27788  328
-85 14				    0.275752 335
-85 16				    0.273722 349
-85 18				    0.277727 332
-85 20				    0.277838 325
-85 22				    0.275503 320
-85 24				    0.27411  334
-83 -24.			    0.275071 330
-83 -22				    0.276725 328
-83 -20				    0.277157 320
-83 -18				    0.270379 318
-83 -16				    0.276794 352
-83 -14				    0.278014 333
-83 -12				    0.273514 303
-83 -10				    0.276577 353
-83 -8				    0.274472 325
-83 -6				    0.273747 372
-83 -4				    0.2732   376
-83 -2				    0.278388 397
-83 0				    0.271896 459
-83 2				    0.271588 447
-83 4				    0.272934 413
-83 6				    0.275594 381
-83 8				    0.275962 283
-83 10				    0.271895 323
-83 12				    0.273088 308
-83 14				    0.2712   345
-83 16				    0.275668 340
-83 18				    0.275598 321
-83 20				    0.276085 334
-83 22				    0.27518  306
-83 24				    0.274063 307
-81 -24.			    0.270511 328
-81 -22				    0.273844 310
-81 -20				    0.275572 344
-81 -18				    0.27309  322
-81 -16				    0.271837 332
-81 -14				    0.274217 302
-81 -12				    0.276405 368
-81 -10				    0.274729 349
-81 -8				    0.278981 331
-81 -6				    0.272785 307
-81 -4				    0.274442 385
-81 -2				    0.275547 448
-81 0				    0.277159 465
-81 2				    0.270974 444
-81 4				    0.273029 394
-81 6				    0.274665 331
-81 8				    0.272828 338
-81 10				    0.273352 332
-81 12				    0.274228 335
-81 14				    0.274376 348
-81 16				    0.272775 329
-81 18				    0.273201 349
-81 20				    0.274841 333
-81 22				    0.273175 339
-81 24				    0.274471 328
-79 -24.			    0.270018 325
-79 -22				    0.272208 367
-79 -20				    0.275267 316
-79 -18				    0.273884 346
-79 -16				    0.272604 319
-79 -14				    0.276915 343
-79 -12				    0.273901 343
-79 -10				    0.274734 349
-79 -8				    0.27736  320
-79 -6				    0.271658 356
-79 -4				    0.275669 349
-79 -2				    0.273067 421
-79 0				    0.27245  400
-79 2				    0.27341  432
-79 4				    0.276718 390
-79 6				    0.273786 350
-79 8				    0.271552 372
-79 10				    0.270815 304
-79 12				    0.273792 321
-79 14				    0.272805 338
-79 16				    0.274235 334
-79 18				    0.274291 356
-79 20				    0.277405 314
-79 22				    0.275349 318
-79 24				    0.274167 321
-77 -24.			    0.277079 372
-77 -22				    0.277265 339
-77 -20				    0.276959 354
-77 -18				    0.274027 329
-77 -16				    0.274916 319
-77 -14				    0.273355 355
-77 -12				    0.269932 334
-77 -10				    0.271543 319
-77 -8				    0.278214 355
-77 -6				    0.273598 312
-77 -4				    0.276625 354
-77 -2				    0.273077 426
-77 0				    0.274374 433
-77 2				    0.272385 422
-77 4				    0.274463 354
-77 6				    0.271546 322
-77 8				    0.27487  365
-77 10				    0.273008 344
-77 12				    0.276246 341
-77 14				    0.280978 373
-77 16				    0.27569  339
-77 18				    0.275389 368
-77 20				    0.276284 369
-77 22				    0.274856 353
-77 24				    0.271543 374
-75 -24.			    0.276615 361
-75 -22				    0.271975 332
-75 -20				    0.271965 317
-75 -18				    0.277063 325
-75 -16				    0.277288 337
-75 -14				    0.271858 329
-75 -12				    0.274124 365
-75 -10				    0.276406 325
-75 -8				    0.269437 317
-75 -6				    0.276664 359
-75 -4				    0.272894 380
-75 -2				    0.277756 366
-75 0				    0.272229 364
-75 2				    0.27098  372
-75 4				    0.276608 353
-75 6				    0.273017 320
-75 8				    0.274002 324
-75 10				    0.271743 325
-75 12				    0.273926 387
-75 14				    0.275617 358
-75 16				    0.268526 375
-75 18				    0.275132 353
-75 20				    0.276617 339
-75 22				    0.272274 357
-75 24				    0.271308 328
-73 -24.			    0.278997 355
-73 -22				    0.27244  345
-73 -20				    0.272039 383
-73 -18				    0.277352 346
-73 -16				    0.271945 359
-73 -14				    0.276843 359
-73 -12				    0.277829 363
-73 -10				    0.278116 372
-73 -8				    0.271645 322
-73 -6				    0.275626 311
-73 -4				    0.273144 331
-73 -2				    0.27458  367
-73 0				    0.271639 316
-73 2				    0.27326  335
-73 4				    0.273301 393
-73 6				    0.274457 382
-73 8				    0.275638 326
-73 10				    0.276228 333
-73 12				    0.272003 343
-73 14				    0.274661 336
-73 16				    0.272161 337
-73 18				    0.273928 376
-73 20				    0.273025 350
-73 22				    0.273322 352
-73 24				    0.272181 331
-71 -24.			    0.276454 378
-71 -22				    0.277578 365
-71 -20				    0.278299 364
-71 -18				    0.269654 322
-71 -16				    0.276971 350
-71 -14				    0.274631 380
-71 -12				    0.273009 358
-71 -10				    0.275894 396
-71 -8				    0.278176 376
-71 -6				    0.275093 362
-71 -4				    0.27862  364
-71 -2				    0.276026 344
-71 0				    0.27201  322
-71 2				    0.276571 317
-71 4				    0.274235 350
-71 6				    0.276685 382
-71 8				    0.271566 337
-71 10				    0.274149 348
-71 12				    0.272299 355
-71 14				    0.272259 348
-71 16				    0.272862 370
-71 18				    0.27676  353
-71 20				    0.27738  333
-71 22				    0.272972 360
-71 24				    0.276178 418
-69 -24.			    0.275831 358
-69 -22				    0.271028 394
-69 -20				    0.277054 350
-69 -18				    0.273351 341
-69 -16				    0.277183 357
-69 -14				    0.273484 383
-69 -12				    0.274501 320
-69 -10				    0.273841 358
-69 -8				    0.271626 361
-69 -6				    0.274731 344
-69 -4				    0.275129 359
-69 -2				    0.27623  277
-69 0				    0.274834 292
-69 2				    0.271831 292
-69 4				    0.275637 324
-69 6				    0.271808 344
-69 8				    0.272253 337
-69 10				    0.273396 359
-69 12				    0.274962 367
-69 14				    0.272967 381
-69 16				    0.279153 418
-69 18				    0.274089 334
-69 20				    0.273881 348
-69 22				    0.277171 379
-69 24				    0.278658 390
-67 -24.			    0.273075 347
-67 -22				    0.270316 388
-67 -20				    0.273652 363
-67 -18				    0.27553  380
-67 -16				    0.273531 338
-67 -14				    0.269266 353
-67 -12				    0.275627 374
-67 -10				    0.275479 356
-67 -8				    0.275659 359
-67 -6				    0.272515 370
-67 -4				    0.273435 341
-67 -2				    0.275605 265
-67 0				    0.273332 219
-67 2				    0.277366 261
-67 4				    0.277233 332
-67 6				    0.272023 361
-67 8				    0.275662 402
-67 10				    0.27496  355
-67 12				    0.27091  362
-67 14				    0.275906 355
-67 16				    0.276206 374
-67 18				    0.270447 348
-67 20				    0.277087 396
-67 22				    0.274673 377
-67 24				    0.27354  355
-65 -24.			    0.276065 381
-65 -22				    0.275982 355
-65 -20				    0.275237 381
-65 -18				    0.275693 369
-65 -16				    0.274956 381
-65 -14				    0.27787  376
-65 -12				    0.277674 404
-65 -10				    0.273671 326
-65 -8				    0.276919 354
-65 -6				    0.275808 363
-65 -4				    0.272274 307
-65 -2				    0.270713 253
-65 0				    0.271979 196
-65 2				    0.278206 259
-65 4				    0.272521 329
-65 6				    0.273918 344
-65 8				    0.272974 332
-65 10				    0.276176 367
-65 12				    0.276058 392
-65 14				    0.274017 415
-65 16				    0.276934 408
-65 18				    0.276174 389
-65 20				    0.275937 349
-65 22				    0.274533 373
-65 24				    0.273604 346
-63 -24.			    0.27372  379
-63 -22				    0.276017 381
-63 -20				    0.275377 380
-63 -18				    0.27665  364
-63 -16				    0.272438 363
-63 -14				    0.27059  369
-63 -12				    0.273926 383
-63 -10				    0.274908 369
-63 -8				    0.27444  387
-63 -6				    0.270997 383
-63 -4				    0.27317  280
-63 -2				    0.275092 223
-63 0				    0.271451 187
-63 2				    0.275047 234
-63 4				    0.273209 298
-63 6				    0.272199 365
-63 8				    0.269788 392
-63 10				    0.272644 391
-63 12				    0.275755 376
-63 14				    0.270498 357
-63 16				    0.276636 391
-63 18				    0.274653 403
-63 20				    0.274176 346
-63 22				    0.272991 383
-63 24				    0.273059 428
-61 -24.			    0.273334 398
-61 -22				    0.27415  395
-61 -20				    0.274447 398
-61 -18				    0.279285 411
-61 -16				    0.275194 360
-61 -14				    0.271125 382
-61 -12				    0.274743 405
-61 -10				    0.270338 359
-61 -8				    0.273284 382
-61 -6				    0.27221  351
-61 -4				    0.276713 287
-61 -2				    0.275382 227
-61 0				    0.276083 208
-61 2				    0.273421 197
-61 4				    0.275369 265
-61 6				    0.276053 343
-61 8				    0.2736   344
-61 10				    0.273316 356
-61 12				    0.27103  396
-61 14				    0.277183 379
-61 16				    0.273406 385
-61 18				    0.272365 384
-61 20				    0.278083 382
-61 22				    0.275006 420
-61 24				    0.273429 370
-59 -24.			    0.277932 419
-59 -22				    0.279636 389
-59 -20				    0.27447  383
-59 -18				    0.275792 412
-59 -16				    0.273084 391
-59 -14				    0.275631 412
-59 -12				    0.273796 372
-59 -10				    0.27035  374
-59 -8				    0.27463  391
-59 -6				    0.27379  344
-59 -4				    0.276339 277
-59 -2				    0.27405  191
-59 0				    0.273217 186
-59 2				    0.275534 204
-59 4				    0.269719 253
-59 6				    0.274753 330
-59 8				    0.270175 398
-59 10				    0.270769 384
-59 12				    0.272164 362
-59 14				    0.272664 376
-59 16				    0.27283  398
-59 18				    0.272913 394
-59 20				    0.272404 403
-59 22				    0.274737 391
-59 24				    0.272096 399
-57 -24.			    0.277384 403
-57 -22				    0.277128 419
-57 -20				    0.272823 388
-57 -18				    0.273017 396
-57 -16				    0.280403 417
-57 -14				    0.275644 414
-57 -12				    0.279455 411
-57 -10				    0.274143 378
-57 -8				    0.273671 405
-57 -6				    0.279047 301
-57 -4				    0.27423  224
-57 -2				    0.274387 195
-57 0				    0.273723 196
-57 2				    0.27419  179
-57 4				    0.272433 269
-57 6				    0.270791 314
-57 8				    0.270891 359
-57 10				    0.272464 377
-57 12				    0.276379 434
-57 14				    0.276272 353
-57 16				    0.267724 395
-57 18				    0.27626  407
-57 20				    0.27414  398
-57 22				    0.274803 406
-57 24				    0.273986 413
-55 -24.			    0.277596 406
-55 -22				    0.271896 423
-55 -20				    0.278221 446
-55 -18				    0.272288 456
-55 -16				    0.275613 394
-55 -14				    0.274046 397
-55 -12				    0.273688 356
-55 -10				    0.27579  419
-55 -8				    0.273629 355
-55 -6				    0.272016 283
-55 -4				    0.27515  200
-55 -2				    0.273099 209
-55 0				    0.273227 187
-55 2				    0.278097 219
-55 4				    0.275881 222
-55 6				    0.26842  277
-55 8				    0.271782 353
-55 10				    0.273445 408
-55 12				    0.27263  385
-55 14				    0.269129 377
-55 16				    0.272991 394
-55 18				    0.270459 426
-55 20				    0.272768 398
-55 22				    0.271656 427
-55 24				    0.26851  392
-53 -24.			    0.271204 393
-53 -22				    0.276086 401
-53 -20				    0.273866 402
-53 -18				    0.275714 418
-53 -16				    0.271845 412
-53 -14				    0.271003 395
-53 -12				    0.275931 419
-53 -10				    0.277894 433
-53 -8				    0.276614 355
-53 -6				    0.277918 287
-53 -4				    0.275061 220
-53 -2				    0.277336 210
-53 0				    0.277451 200
-53 2				    0.277441 206
-53 4				    0.27692  198
-53 6				    0.277266 256
-53 8				    0.276042 356
-53 10				    0.274103 389
-53 12				    0.27581  396
-53 14				    0.274769 399
-53 16				    0.274057 408
-53 18				    0.275461 381
-53 20				    0.273703 416
-53 22				    0.272659 393
-53 24				    0.270638 453
-51 -24.			    0.270384 409
-51 -22				    0.274665 429
-51 -20				    0.272914 444
-51 -18				    0.275497 415
-51 -16				    0.275017 411
-51 -14				    0.274207 385
-51 -12				    0.27601  433
-51 -10				    0.273105 413
-51 -8				    0.27373  363
-51 -6				    0.272049 230
-51 -4				    0.271666 203
-51 -2				    0.272347 219
-51 0				    0.272782 224
-51 2				    0.272168 197
-51 4				    0.271789 216
-51 6				    0.27849  223
-51 8				    0.27458  306
-51 10				    0.274034 418
-51 12				    0.278042 414
-51 14				    0.272339 412
-51 16				    0.275253 422
-51 18				    0.272138 382
-51 20				    0.276871 454
-51 22				    0.27643  437
-51 24				    0.271618 397
-49 -24.			    0.272323 438
-49 -22				    0.270304 461
-49 -20				    0.271646 416
-49 -18				    0.275247 423
-49 -16				    0.268749 451
-49 -14				    0.275572 410
-49 -12				    0.272951 431
-49 -10				    0.277336 443
-49 -8				    0.275647 311
-49 -6				    0.273291 208
-49 -4				    0.275027 187
-49 -2				    0.272366 189
-49 0				    0.276115 218
-49 2				    0.268844 218
-49 4				    0.273663 195
-49 6				    0.273826 205
-49 8				    0.274917 322
-49 10				    0.277628 407
-49 12				    0.269594 391
-49 14				    0.272445 445
-49 16				    0.272844 414
-49 18				    0.273569 390
-49 20				    0.276599 420
-49 22				    0.276911 416
-49 24				    0.275328 417
-47 -24.			    0.278168 426
-47 -22				    0.27446  413
-47 -20				    0.271674 440
-47 -18				    0.275043 416
-47 -16				    0.274376 424
-47 -14				    0.27576  432
-47 -12				    0.275271 414
-47 -10				    0.277607 371
-47 -8				    0.273549 269
-47 -6				    0.275565 196
-47 -4				    0.277651 212
-47 -2				    0.274504 205
-47 0				    0.276318 235
-47 2				    0.276267 200
-47 4				    0.27201  214
-47 6				    0.276891 203
-47 8				    0.269106 279
-47 10				    0.277031 395
-47 12				    0.277664 440
-47 14				    0.271889 406
-47 16				    0.275261 457
-47 18				    0.276029 416
-47 20				    0.270333 426
-47 22				    0.272687 399
-47 24				    0.274864 417
-45 -24.			    0.276748 442
-45 -22				    0.272588 389
-45 -20				    0.271638 447
-45 -18				    0.272082 436
-45 -16				    0.269749 419
-45 -14				    0.277519 450
-45 -12				    0.274275 444
-45 -10				    0.274393 362
-45 -8				    0.277456 218
-45 -6				    0.276064 221
-45 -4				    0.273022 200
-45 -2				    0.276451 213
-45 0				    0.275302 224
-45 2				    0.272428 199
-45 4				    0.274374 220
-45 6				    0.27341  202
-45 8				    0.270318 231
-45 10				    0.272455 326
-45 12				    0.275338 450
-45 14				    0.27278  457
-45 16				    0.277765 454
-45 18				    0.273329 448
-45 20				    0.272494 426
-45 22				    0.274065 396
-45 24				    0.279146 445
-43 -24.			    0.27444  436
-43 -22				    0.275393 435
-43 -20				    0.270924 460
-43 -18				    0.275526 474
-43 -16				    0.273088 419
-43 -14				    0.277628 486
-43 -12				    0.27435  429
-43 -10				    0.270925 320
-43 -8				    0.272832 232
-43 -6				    0.275008 188
-43 -4				    0.275287 228
-43 -2				    0.275705 215
-43 0				    0.269471 197
-43 2				    0.271836 217
-43 4				    0.272139 219
-43 6				    0.27469  199
-43 8				    0.274754 220
-43 10				    0.27487  326
-43 12				    0.278464 417
-43 14				    0.273438 439
-43 16				    0.275338 419
-43 18				    0.271183 423
-43 20				    0.280038 468
-43 22				    0.276537 418
-43 24				    0.279179 462
-41 -24.			    0.273072 444
-41 -22				    0.277698 446
-41 -20				    0.27116  436
-41 -18				    0.272485 444
-41 -16				    0.274716 431
-41 -14				    0.272516 464
-41 -12				    0.278155 381
-41 -10				    0.279093 247
-41 -8				    0.27482  240
-41 -6				    0.274594 207
-41 -4				    0.274847 217
-41 -2				    0.275386 220
-41 0				    0.274111 220
-41 2				    0.274951 219
-41 4				    0.276359 205
-41 6				    0.271529 224
-41 8				    0.273452 218
-41 10				    0.2741   281
-41 12				    0.27278  403
-41 14				    0.276345 421
-41 16				    0.280663 455
-41 18				    0.272828 477
-41 20				    0.271345 451
-41 22				    0.275645 434
-41 24				    0.277638 481
-39 -24.			    0.275925 449
-39 -22				    0.275073 477
-39 -20				    0.273161 497
-39 -18				    0.276795 471
-39 -16				    0.271974 438
-39 -14				    0.279192 489
-39 -12				    0.275474 358
-39 -10				    0.274709 232
-39 -8				    0.277149 225
-39 -6				    0.274124 245
-39 -4				    0.274142 225
-39 -2				    0.275999 232
-39 0				    0.27324  252
-39 2				    0.277458 234
-39 4				    0.274618 226
-39 6				    0.272953 192
-39 8				    0.274255 226
-39 10				    0.277559 231
-39 12				    0.275172 361
-39 14				    0.276999 424
-39 16				    0.273337 486
-39 18				    0.275118 457
-39 20				    0.272114 426
-39 22				    0.2751   467
-39 24				    0.271092 457
-37 -24.			    0.273255 468
-37 -22				    0.272717 470
-37 -20				    0.276513 459
-37 -18				    0.270012 499
-37 -16				    0.2751   506
-37 -14				    0.273148 477
-37 -12				    0.272459 311
-37 -10				    0.272212 238
-37 -8				    0.272997 202
-37 -6				    0.270802 223
-37 -4				    0.275516 243
-37 -2				    0.277768 224
-37 0				    0.273167 241
-37 2				    0.269544 205
-37 4				    0.27108  207
-37 6				    0.273755 261
-37 8				    0.275197 208
-37 10				    0.275198 233
-37 12				    0.276394 319
-37 14				    0.273203 483
-37 16				    0.274171 448
-37 18				    0.277914 518
-37 20				    0.277237 458
-37 22				    0.272637 464
-37 24				    0.274672 517
-35 -24.			    0.274939 464
-35 -22				    0.27443  451
-35 -20				    0.271534 511
-35 -18				    0.273229 461
-35 -16				    0.271508 523
-35 -14				    0.270057 422
-35 -12				    0.272071 270
-35 -10				    0.279423 239
-35 -8				    0.273724 219
-35 -6				    0.274082 234
-35 -4				    0.272798 212
-35 -2				    0.275078 249
-35 0				    0.276425 242
-35 2				    0.273221 229
-35 4				    0.272174 224
-35 6				    0.274218 227
-35 8				    0.274065 246
-35 10				    0.275244 262
-35 12				    0.272176 286
-35 14				    0.273967 441
-35 16				    0.275366 483
-35 18				    0.272106 473
-35 20				    0.278537 509
-35 22				    0.272634 476
-35 24				    0.276527 449
-33 -24.			    0.280629 457
-33 -22				    0.281376 524
-33 -20				    0.277753 469
-33 -18				    0.274665 491
-33 -16				    0.279048 507
-33 -14				    0.275415 396
-33 -12				    0.271956 247
-33 -10				    0.274002 240
-33 -8				    0.275958 239
-33 -6				    0.275465 205
-33 -4				    0.274449 231
-33 -2				    0.270705 223
-33 0				    0.277141 251
-33 2				    0.273885 243
-33 4				    0.271575 225
-33 6				    0.274864 234
-33 8				    0.270678 230
-33 10				    0.273146 236
-33 12				    0.270735 234
-33 14				    0.272133 365
-33 16				    0.275799 495
-33 18				    0.274321 505
-33 20				    0.275946 500
-33 22				    0.280868 474
-33 24				    0.27918  468
-31 -24.			    0.280422 514
-31 -22				    0.275984 543
-31 -20				    0.282658 523
-31 -18				    0.274749 500
-31 -16				    0.272058 489
-31 -14				    0.275759 333
-31 -12				    0.274272 251
-31 -10				    0.272672 248
-31 -8				    0.279939 285
-31 -6				    0.275931 249
-31 -4				    0.277664 229
-31 -2				    0.276599 249
-31 0				    0.275057 266
-31 2				    0.271769 241
-31 4				    0.276411 247
-31 6				    0.27622  243
-31 8				    0.27506  270
-31 10				    0.275169 268
-31 12				    0.276937 251
-31 14				    0.27541  361
-31 16				    0.276874 481
-31 18				    0.279298 503
-31 20				    0.279406 504
-31 22				    0.281471 501
-31 24				    0.281072 531
-29 -24.			    0.283348 531
-29 -22				    0.278329 481
-29 -20				    0.279089 517
-29 -18				    0.280274 513
-29 -16				    0.276091 468
-29 -14				    0.273749 270
-29 -12				    0.273769 246
-29 -10				    0.268702 239
-29 -8				    0.272786 240
-29 -6				    0.276317 263
-29 -4				    0.277785 214
-29 -2				    0.276861 257
-29 0				    0.276612 246
-29 2				    0.272705 223
-29 4				    0.272413 247
-29 6				    0.269952 219
-29 8				    0.276364 258
-29 10				    0.278664 270
-29 12				    0.273537 228
-29 14				    0.278302 290
-29 16				    0.273056 476
-29 18				    0.279929 546
-29 20				    0.280386 485
-29 22				    0.277782 527
-29 24				    0.287942 546
-27 -24.			    0.285264 506
-27 -22				    0.279023 513
-27 -20				    0.281374 521
-27 -18				    0.279416 505
-27 -16				    0.279017 399
-27 -14				    0.280166 272
-27 -12				    0.272189 244
-27 -10				    0.272592 235
-27 -8				    0.274974 231
-27 -6				    0.273615 285
-27 -4				    0.277998 229
-27 -2				    0.274332 247
-27 0				    0.276546 266
-27 2				    0.272634 256
-27 4				    0.273081 239
-27 6				    0.277441 263
-27 8				    0.278259 259
-27 10				    0.275728 242
-27 12				    0.27215  263
-27 14				    0.277605 267
-27 16				    0.277049 399
-27 18				    0.277752 498
-27 20				    0.283135 500
-27 22				    0.28066  515
-27 24				    0.287139 512
-25 -24.			    0.286067 499
-25 -22				    0.282038 551
-25 -20				    0.286199 513
-25 -18				    0.284381 538
-25 -16				    0.28071  344
-25 -14				    0.278793 280
-25 -12				    0.276249 270
-25 -10				    0.275993 240
-25 -8				    0.278144 275
-25 -6				    0.274456 246
-25 -4				    0.270684 230
-25 -2				    0.273042 262
-25 0				    0.275116 267
-25 2				    0.271424 245
-25 4				    0.277327 259
-25 6				    0.276726 238
-25 8				    0.273669 248
-25 10				    0.276134 254
-25 12				    0.27726  256
-25 14				    0.278348 260
-25 16				    0.280803 378
-25 18				    0.279851 534
-25 20				    0.283178 574
-25 22				    0.286098 526
-25 24				    0.286151 522
-23 -24.			    0.288325 543
-23 -22				    0.289323 572
-23 -20				    0.287689 563
-23 -18				    0.28428  489
-23 -16				    0.28353  282
-23 -14				    0.281288 259
-23 -12				    0.279991 293
-23 -10				    0.280109 250
-23 -8				    0.276305 276
-23 -6				    0.271441 227
-23 -4				    0.279992 251
-23 -2				    0.273882 254
-23 0				    0.268207 246
-23 2				    0.271377 262
-23 4				    0.277489 255
-23 6				    0.280284 332
-23 8				    0.274862 272
-23 10				    0.274289 233
-23 12				    0.279554 243
-23 14				    0.284401 269
-23 16				    0.281355 258
-23 18				    0.284762 503
-23 20				    0.286771 536
-23 22				    0.287847 544
-23 24				    0.288129 517
-21 -24.			    0.29392  538
-21 -22				    0.291368 550
-21 -20				    0.289021 591
-21 -18				    0.286956 461
-21 -16				    0.287175 275
-21 -14				    0.285094 292
-21 -12				    0.280748 270
-21 -10				    0.276519 284
-21 -8				    0.279178 282
-21 -6				    0.279513 275
-21 -4				    0.276142 269
-21 -2				    0.276747 240
-21 0				    0.273455 259
-21 2				    0.275925 262
-21 4				    0.274547 257
-21 6				    0.277148 289
-21 8				    0.283894 279
-21 10				    0.275492 286
-21 12				    0.283336 275
-21 14				    0.284062 273
-21 16				    0.284157 283
-21 18				    0.289461 438
-21 20				    0.289696 531
-21 22				    0.294078 542
-21 24				    0.291981 563
-19 -24.			    0.295038 521
-19 -22				    0.293287 554
-19 -20				    0.293852 591
-19 -18				    0.287737 356
-19 -16				    0.290501 297
-19 -14				    0.286489 283
-19 -12				    0.2854   271
-19 -10				    0.281139 279
-19 -8				    0.283205 267
-19 -6				    0.280394 273
-19 -4				    0.281989 314
-19 -2				    0.277555 281
-19 0				    0.275983 267
-19 2				    0.283113 282
-19 4				    0.277505 237
-19 6				    0.277195 270
-19 8				    0.284382 243
-19 10				    0.285575 270
-19 12				    0.287774 286
-19 14				    0.291843 296
-19 16				    0.286997 284
-19 18				    0.288506 368
-19 20				    0.289259 591
-19 22				    0.298064 608
-19 24				    0.29738  564
-17 -24.			    0.299015 593
-17 -22				    0.29509  556
-17 -20				    0.297082 587
-17 -18				    0.292264 270
-17 -16				    0.291635 307
-17 -14				    0.290476 278
-17 -12				    0.287625 299
-17 -10				    0.283556 290
-17 -8				    0.284726 265
-17 -6				    0.278479 303
-17 -4				    0.283663 280
-17 -2				    0.284621 278
-17 0				    0.279726 282
-17 2				    0.278414 278
-17 4				    0.283521 267
-17 6				    0.28097  271
-17 8				    0.28421  285
-17 10				    0.286883 296
-17 12				    0.287658 320
-17 14				    0.293336 275
-17 16				    0.297946 290
-17 18				    0.292547 297
-17 20				    0.296338 589
-17 22				    0.293642 539
-17 24				    0.295865 536
-15 -24.			    0.301284 592
-15 -22				    0.300318 628
-15 -20				    0.304225 476
-15 -18				    0.299407 312
-15 -16				    0.294252 286
-15 -14				    0.294626 300
-15 -12				    0.292132 268
-15 -10				    0.291418 294
-15 -8				    0.291611 284
-15 -6				    0.289622 294
-15 -4				    0.291393 297
-15 -2				    0.292216 278
-15 0				    0.285443 246
-15 2				    0.287553 266
-15 4				    0.285412 281
-15 6				    0.28426  269
-15 8				    0.292201 280
-15 10				    0.293379 305
-15 12				    0.294561 271
-15 14				    0.297401 317
-15 16				    0.294158 303
-15 18				    0.298104 305
-15 20				    0.299992 473
-15 22				    0.297487 554
-15 24				    0.304268 640
-13 -24.			    0.305166 606
-13 -22				    0.302293 599
-13 -20				    0.30294  298
-13 -18				    0.301903 292
-13 -16				    0.299097 299
-13 -14				    0.300044 320
-13 -12				    0.296669 302
-13 -10				    0.297489 328
-13 -8				    0.29199  322
-13 -6				    0.292425 298
-13 -4				    0.299006 302
-13 -2				    0.296376 292
-13 0				    0.295153 291
-13 2				    0.295448 295
-13 4				    0.294669 291
-13 6				    0.292725 303
-13 8				    0.291956 302
-13 10				    0.295328 313
-13 12				    0.295256 310
-13 14				    0.299457 294
-13 16				    0.305686 320
-13 18				    0.2987   293
-13 20				    0.306472 309
-13 22				    0.302496 606
-13 24				    0.304366 580
-11 -24.			    0.308629 577
-11 -22				    0.31214  574
-11 -20				    0.308819 318
-11 -18				    0.307569 292
-11 -16				    0.302735 297
-11 -14				    0.301296 296
-11 -12				    0.304449 321
-11 -10				    0.303807 312
-11 -8				    0.30453  283
-11 -6				    0.306254 291
-11 -4				    0.305713 271
-11 -2				    0.306731 295
-11 0				    0.306992 286
-11 2				    0.308202 283
-11 4				    0.306924 299
-11 6				    0.30214  271
-11 8				    0.305069 312
-11 10				    0.302776 295
-11 12				    0.306301 319
-11 14				    0.30277  295
-11 16				    0.307802 297
-11 18				    0.300186 309
-11 20				    0.309321 271
-11 22				    0.308377 636
-11 24				    0.312162 618
-9 -24.				    0.315101 641
-9 -22				    0.311973 497
-9 -20				    0.314628 309
-9 -18				    0.316628 324
-9 -16				    0.311595 316
-9 -14				    0.307499 319
-9 -12				    0.308554 305
-9 -10				    0.315734 332
-9 -8				    0.31688  308
-9 -6				    0.322066 318
-9 -4				    0.3183   318
-9 -2				    0.317857 320
-9 0				    0.321756 282
-9 2				    0.319441 293
-9 4				    0.317342 299
-9 6				    0.323474 323
-9 8				    0.314477 296
-9 10				    0.316013 328
-9 12				    0.313374 312
-9 14				    0.308845 303
-9 16				    0.308037 306
-9 18				    0.309877 317
-9 20				    0.31254  341
-9 22				    0.308199 493
-9 24				    0.312624 623
-7 -24.				    0.313933 630
-7 -22				    0.318835 336
-7 -20				    0.316471 309
-7 -18				    0.308563 332
-7 -16				    0.315608 352
-7 -14				    0.316795 305
-7 -12				    0.32497  310
-7 -10				    0.325498 312
-7 -8				    0.323016 293
-7 -6				    0.333666 333
-7 -4				    0.331903 344
-7 -2				    0.335344 341
-7 0				    0.333931 310
-7 2				    0.336627 291
-7 4				    0.330492 280
-7 6				    0.327377 295
-7 8				    0.32233  321
-7 10				    0.324866 328
-7 12				    0.323193 320
-7 14				    0.318342 312
-7 16				    0.310648 347
-7 18				    0.310683 323
-7 20				    0.314272 329
-7 22				    0.313946 290
-7 24				    0.315845 617
-5 -24.				    0.322713 627
-5 -22				    0.31856  308
-5 -20				    0.320865 337
-5 -18				    0.319618 334
-5 -16				    0.328289 364
-5 -14				    0.333187 340
-5 -12				    0.336782 330
-5 -10				    0.342435 344
-5 -8				    0.344947 324
-5 -6				    0.348469 299
-5 -4				    0.347783 333
-5 -2				    0.342362 296
-5 0				    0.346782 313
-5 2				    0.349013 346
-5 4				    0.349389 331
-5 6				    0.350017 336
-5 8				    0.344308 328
-5 10				    0.337997 303
-5 12				    0.338528 340
-5 14				    0.332203 336
-5 16				    0.329176 349
-5 18				    0.319395 325
-5 20				    0.317043 349
-5 22				    0.324059 336
-5 24				    0.318454 639
-3 -24.				    0.32784  537
-3 -22				    0.324452 323
-3 -20				    0.332862 290
-3 -18				    0.339655 329
-3 -16				    0.349148 350
-3 -14				    0.351232 344
-3 -12				    0.358035 321
-3 -10				    0.363414 324
-3 -8				    0.362441 337
-3 -6				    0.363652 320
-3 -4				    0.363915 350
-3 -2				    0.363418 336
-3 0				    0.3704   328
-3 2				    0.36162  365
-3 4				    0.36463  339
-3 6				    0.361529 295
-3 8				    0.361446 317
-3 10				    0.360648 364
-3 12				    0.354086 372
-3 14				    0.354967 369
-3 16				    0.351595 387
-3 18				    0.342649 364
-3 20				    0.32879  331
-3 22				    0.321414 344
-3 24				    0.326174 570
-1 -24.				    0.333027 341
-1 -22				    0.358981 335
-1 -20				    0.367052 384
-1 -18				    0.372771 371
-1 -16				    0.377816 374
-1 -14				    0.378265 371
-1 -12				    0.384022 377
-1 -10				    0.384047 349
-1 -8				    0.384036 358
-1 -6				    0.378543 326
-1 -4				    0.388465 334
-1 -2				    0.385051 351
-1 0				    0.386048 340
-1 2				    0.383988 343
-1 4				    0.382191 356
-1 6				    0.384649 339
-1 8				    0.378134 332
-1 10				    0.379766 349
-1 12				    0.382939 321
-1 14				    0.382156 345
-1 16				    0.375042 367
-1 18				    0.375164 357
-1 20				    0.366921 349
-1 22				    0.358431 362
-1 24				    0.335054 298
