-99	-24	0.274068	9887
-99	-22	0.270308	9730
-99	-20	0.268753	9670
-99	-18	0.272312	9834
-99	-16	0.269591	9691
-99	-14	0.27633	10007
-99	-12	0.270554	9777
-99	-10	0.272564	9887
-99	-8	0.271418	9837
-99	-6	0.269829	9733
-99	-4	0.273419	9848
-99	-2	0.274294	9868
-99	0	0.27653	10022
-99	2	0.273242	9899
-99	4	0.272916	9864
-99	6	0.270726	9666
-99	8	0.273634	9850
-99	10	0.271617	9876
-99	12	0.271563	9773
-99	14	0.271022	9811
-99	16	0.272327	9892
-99	18	0.272416	9856
-99	20	0.270292	9827
-99	22	0.274968	9873
-99	24	0.273716	9793
-97	-24	0.273249	9899
-97	-22	0.277388	10042
-97	-20	0.272817	9915
-97	-18	0.274057	9894
-97	-16	0.271655	9854
-97	-14	0.275604	9852
-97	-12	0.272992	9935
-97	-10	0.273086	9886
-97	-8	0.272268	9855
-97	-6	0.272963	9807
-97	-4	0.273526	9961
-97	-2	0.277947	10010
-97	0	0.272038	9789
-97	2	0.272672	9829
-97	4	0.2725	9831
-97	6	0.276037	10077
-97	8	0.273587	9981
-97	10	0.267611	9672
-97	12	0.271752	9832
-97	14	0.271538	9837
-97	16	0.27358	9862
-97	18	0.278691	10153
-97	20	0.273608	9796
-97	22	0.274847	10033
-97	24	0.27484	9991
-95	-24	0.272839	9963
-95	-22	0.275246	9935
-95	-20	0.272518	9830
-95	-18	0.274508	9896
-95	-16	0.272003	9803
-95	-14	0.272045	9863
-95	-12	0.271676	9917
-95	-10	0.274981	9874
-95	-8	0.268277	9750
-95	-6	0.2707	9808
-95	-4	0.275475	9970
-95	-2	0.273879	9921
-95	0	0.27047	9761
-95	2	0.272717	9748
-95	4	0.272745	9878
-95	6	0.269453	9637
-95	8	0.273466	9862
-95	10	0.274717	9914
-95	12	0.272606	9804
-95	14	0.270578	9776
-95	16	0.26886	9633
-95	18	0.269497	9762
-95	20	0.275697	9916
-95	22	0.270106	9716
-95	24	0.277226	10078
-93	-24	0.27353	9849
-93	-22	0.271785	9884
-93	-20	0.273188	9855
-93	-18	0.2725	9810
-93	-16	0.274785	9798
-93	-14	0.272795	9855
-93	-12	0.275437	9897
-93	-10	0.274007	9847
-93	-8	0.272773	9852
-93	-6	0.275247	10000
-93	-4	0.270191	9819
-93	-2	0.27885	10052
-93	0	0.274725	9914
-93	2	0.273189	9837
-93	4	0.272185	9815
-93	6	0.276278	9917
-93	8	0.273283	9874
-93	10	0.275706	9988
-93	12	0.270936	9761
-93	14	0.270491	9841
-93	16	0.270424	9821
-93	18	0.274278	9939
-93	20	0.274757	9980
-93	22	0.275032	9968
-93	24	0.270698	9786
-91	-24	0.269016	9719
-91	-22	0.271089	9731
-91	-20	0.270232	9757
-91	-18	0.273305	9854
-91	-16	0.274378	9885
-91	-14	0.276078	9962
-91	-12	0.27186	9775
-91	-10	0.274134	9919
-91	-8	0.274402	9862
-91	-6	0.271068	9785
-91	-4	0.27337	9940
-91	-2	0.271011	9761
-91	0	0.268561	9651
-91	2	0.272148	9870
-91	4	0.272245	9895
-91	6	0.271735	9911
-91	8	0.272912	9809
-91	10	0.272324	9823
-91	12	0.270787	9705
-91	14	0.275099	9922
-91	16	0.275006	9939
-91	18	0.274263	9933
-91	20	0.273304	9916
-91	22	0.275742	9994
-91	24	0.27384	9913
-89	-24	0.272184	9791
-89	-22	0.273337	9859
-89	-20	0.273363	9934
-89	-18	0.273179	9941
-89	-16	0.273422	9952
-89	-14	0.273789	9889
-89	-12	0.271079	9822
-89	-10	0.269554	9746
-89	-8	0.273287	9905
-89	-6	0.275567	10048
-89	-4	0.2723	9729
-89	-2	0.271091	9791
-89	0	0.274256	9885
-89	2	0.269786	9688
-89	4	0.276154	9928
-89	6	0.268301	9727
-89	8	0.268907	9700
-89	10	0.271166	9868
-89	12	0.272869	9820
-89	14	0.269122	9683
-89	16	0.272755	9832
-89	18	0.271804	9773
-89	20	0.272812	9938
-89	22	0.268568	9680
-89	24	0.269688	9866
-87	-24	0.271745	9804
-87	-22	0.27622	9950
-87	-20	0.272843	9863
-87	-18	0.267864	9604
-87	-16	0.273019	9856
-87	-14	0.275263	9956
-87	-12	0.270953	9818
-87	-10	0.268193	9770
-87	-8	0.272247	9842
-87	-6	0.276409	9993
-87	-4	0.273776	9923
-87	-2	0.269764	9749
-87	0	0.273327	9866
-87	2	0.271226	9753
-87	4	0.271027	9809
-87	6	0.272231	9766
-87	8	0.273157	9829
-87	10	0.27048	9816
-87	12	0.274193	9883
-87	14	0.274573	9911
-87	16	0.269673	9705
-87	18	0.275441	9947
-87	20	0.274511	9864
-87	22	0.275336	9979
-87	24	0.276167	9913
-85	-24	0.275003	9877
-85	-22	0.271587	9807
-85	-20	0.275816	10027
-85	-18	0.280208	10192
-85	-16	0.268082	9700
-85	-14	0.274969	9911
-85	-12	0.273047	9792
-85	-10	0.269256	9746
-85	-8	0.272365	9785
-85	-6	0.273058	9829
-85	-4	0.272243	9822
-85	-2	0.271553	9884
-85	0	0.270231	9821
-85	2	0.273198	9819
-85	4	0.270886	9792
-85	6	0.269872	9768
-85	8	0.274093	9943
-85	10	0.272527	9917
-85	12	0.274434	9909
-85	14	0.274623	9929
-85	16	0.27098	9826
-85	18	0.271751	9714
-85	20	0.273478	9933
-85	22	0.276081	9855
-85	24	0.271493	9796
-83	-24	0.268222	9682
-83	-22	0.275718	9922
-83	-20	0.270994	9781
-83	-18	0.271725	9856
-83	-16	0.269964	9824
-83	-14	0.275022	10013
-83	-12	0.272975	9817
-83	-10	0.277533	10070
-83	-8	0.272707	9800
-83	-6	0.271052	9872
-83	-4	0.27661	9883
-83	-2	0.272426	9773
-83	0	0.270281	9752
-83	2	0.270854	9900
-83	4	0.268453	9700
-83	6	0.270213	9752
-83	8	0.27497	9908
-83	10	0.271843	9810
-83	12	0.271758	9817
-83	14	0.269225	9680
-83	16	0.272468	9750
-83	18	0.273145	9869
-83	20	0.275161	9968
-83	22	0.277753	10063
-83	24	0.272142	9765
-81	-24	0.271551	9718
-81	-22	0.273338	9926
-81	-20	0.273321	9921
-81	-18	0.276052	9934
-81	-16	0.272626	9784
-81	-14	0.270787	9757
-81	-12	0.270374	9827
-81	-10	0.268801	9672
-81	-8	0.275585	10004
-81	-6	0.274243	9932
-81	-4	0.272362	9896
-81	-2	0.273477	9913
-81	0	0.275753	9950
-81	2	0.271949	9853
-81	4	0.274346	9905
-81	6	0.272035	9858
-81	8	0.273632	9903
-81	10	0.27358	9972
-81	12	0.272102	9846
-81	14	0.273948	9912
-81	16	0.276798	10009
-81	18	0.27497	9908
-81	20	0.274687	9975
-81	22	0.273734	9965
-81	24	0.27072	9832
-79	-24	0.273513	9876
-79	-22	0.27452	9872
-79	-20	0.271801	9762
-79	-18	0.26853	9677
-79	-16	0.268818	9757
-79	-14	0.270616	9766
-79	-12	0.271882	9794
-79	-10	0.27422	9901
-79	-8	0.272609	9878
-79	-6	0.2717	9760
-79	-4	0.276018	9890
-79	-2	0.270603	9729
-79	0	0.269256	9732
-79	2	0.274055	9795
-79	4	0.275056	9888
-79	6	0.272546	9837
-79	8	0.273237	9801
-79	10	0.272462	9798
-79	12	0.273825	9907
-79	14	0.274811	9794
-79	16	0.273577	9779
-79	18	0.269193	9667
-79	20	0.271295	9829
-79	22	0.275062	9960
-79	24	0.275151	9898
-77	-24	0.277567	10021
-77	-22	0.277861	10008
-77	-20	0.272097	9848
-77	-18	0.27239	9906
-77	-16	0.276104	9932
-77	-14	0.273294	9911
-77	-12	0.273951	9854
-77	-10	0.272677	9881
-77	-8	0.273665	9844
-77	-6	0.271376	9807
-77	-4	0.274647	9887
-77	-2	0.276348	10048
-77	0	0.274931	10013
-77	2	0.276708	9977
-77	4	0.269829	9784
-77	6	0.275857	10127
-77	8	0.272247	9796
-77	10	0.273146	9895
-77	12	0.273315	9847
-77	14	0.271312	9758
-77	16	0.271137	9935
-77	18	0.275773	9919
-77	20	0.271699	9779
-77	22	0.273429	9853
-77	24	0.270049	9688
-75	-24	0.266182	9549
-75	-22	0.274215	9886
-75	-20	0.2777	9960
-75	-18	0.274319	9873
-75	-16	0.275618	9917
-75	-14	0.274024	9912
-75	-12	0.272672	9862
-75	-10	0.270763	9738
-75	-8	0.273445	9870
-75	-6	0.273526	9804
-75	-4	0.271336	9732
-75	-2	0.273523	9936
-75	0	0.273058	9838
-75	2	0.267846	9632
-75	4	0.273434	9845
-75	6	0.272825	9915
-75	8	0.272619	9802
-75	10	0.272285	9854
-75	12	0.271235	9768
-75	14	0.277142	9958
-75	16	0.27301	9934
-75	18	0.274047	9912
-75	20	0.27665	10028
-75	22	0.269735	9704
-75	24	0.273075	9852
-73	-24	0.270766	9727
-73	-22	0.270549	9858
-73	-20	0.272386	9783
-73	-18	0.274799	9890
-73	-16	0.276353	9970
-73	-14	0.272437	9817
-73	-12	0.27275	9840
-73	-10	0.271503	9741
-73	-8	0.272493	9816
-73	-6	0.273044	9888
-73	-4	0.273758	9895
-73	-2	0.275122	9911
-73	0	0.275082	9950
-73	2	0.275805	9956
-73	4	0.268688	9705
-73	6	0.273465	9842
-73	8	0.274037	9947
-73	10	0.270332	9706
-73	12	0.269446	9668
-73	14	0.275534	9979
-73	16	0.274574	9919
-73	18	0.271175	9784
-73	20	0.276524	9959
-73	22	0.277378	10015
-73	24	0.270644	9744
-71	-24	0.273019	9865
-71	-22	0.273058	9903
-71	-20	0.271558	9879
-71	-18	0.27231	9850
-71	-16	0.279372	10087
-71	-14	0.274843	9943
-71	-12	0.276455	9964
-71	-10	0.275893	10077
-71	-8	0.2741	9949
-71	-6	0.273377	9952
-71	-4	0.273249	9896
-71	-2	0.268517	9665
-71	0	0.272043	9765
-71	2	0.271995	9757
-71	4	0.270042	9802
-71	6	0.274296	9873
-71	8	0.27371	9905
-71	10	0.276349	9974
-71	12	0.276945	10047
-71	14	0.271891	9843
-71	16	0.273516	9904
-71	18	0.274921	9868
-71	20	0.271773	9842
-71	22	0.276103	10075
-71	24	0.276295	10011
-69	-24	0.27318	9876
-69	-22	0.27401	9866
-69	-20	0.27365	9737
-69	-18	0.276393	9938
-69	-16	0.272319	9767
-69	-14	0.272863	9873
-69	-12	0.274364	9859
-69	-10	0.279315	10057
-69	-8	0.275281	9906
-69	-6	0.271805	9782
-69	-4	0.272186	9830
-69	-2	0.27506	9969
-69	0	0.273712	9953
-69	2	0.273773	10048
-69	4	0.275489	9949
-69	6	0.274715	9798
-69	8	0.272168	9813
-69	10	0.277596	10077
-69	12	0.273962	9921
-69	14	0.270683	9760
-69	16	0.273649	9882
-69	18	0.27325	9878
-69	20	0.274657	9847
-69	22	0.272004	9852
-69	24	0.271702	9734
-67	-24	0.276445	9970
-67	-22	0.27539	9984
-67	-20	0.271094	9851
-67	-18	0.275593	9942
-67	-16	0.269367	9750
-67	-14	0.268626	9735
-67	-12	0.269363	9689
-67	-10	0.27323	9777
-67	-8	0.274705	9874
-67	-6	0.27485	9913
-67	-4	0.267731	9626
-67	-2	0.276562	9967
-67	0	0.268959	9739
-67	2	0.273194	9956
-67	4	0.273665	9838
-67	6	0.274797	9874
-67	8	0.270472	9800
-67	10	0.273389	9880
-67	12	0.273231	9812
-67	14	0.276779	10072
-67	16	0.272856	9858
-67	18	0.271543	9819
-67	20	0.274288	9859
-67	22	0.268745	9717
-67	24	0.274733	9886
-65	-24	0.270283	9861
-65	-22	0.271123	9816
-65	-20	0.270871	9776
-65	-18	0.27273	9902
-65	-16	0.272244	9831
-65	-14	0.273757	9835
-65	-12	0.271431	9806
-65	-10	0.271072	9825
-65	-8	0.271036	9805
-65	-6	0.271222	9809
-65	-4	0.27642	9950
-65	-2	0.273709	9885
-65	0	0.271123	9848
-65	2	0.271465	9811
-65	4	0.274255	9942
-65	6	0.269307	9757
-65	8	0.27792	9969
-65	10	0.272346	9875
-65	12	0.27363	9808
-65	14	0.268264	9727
-65	16	0.270269	9744
-65	18	0.272787	9888
-65	20	0.274568	9818
-65	22	0.27504	9916
-65	24	0.275057	9940
-63	-24	0.272595	9911
-63	-22	0.271084	9775
-63	-20	0.27424	9888
-63	-18	0.273838	9908
-63	-16	0.275354	9891
-63	-14	0.271522	9787
-63	-12	0.273186	9859
-63	-10	0.268685	9760
-63	-8	0.27211	9701
-63	-6	0.270894	9860
-63	-4	0.270568	9820
-63	-2	0.276376	9999
-63	0	0.272116	9834
-63	2	0.27739	9983
-63	4	0.274399	9908
-63	6	0.27393	9942
-63	8	0.273605	9861
-63	10	0.273929	9819
-63	12	0.274793	9989
-63	14	0.276029	10003
-63	16	0.271516	9840
-63	18	0.272495	9827
-63	20	0.275069	10029
-63	22	0.278259	10051
-63	24	0.274821	9846
-61	-24	0.270435	9813
-61	-22	0.273001	9887
-61	-20	0.270611	9775
-61	-18	0.2764	9996
-61	-16	0.273086	9901
-61	-14	0.271231	9757
-61	-12	0.272003	9837
-61	-10	0.274479	9898
-61	-8	0.272861	9847
-61	-6	0.275763	9968
-61	-4	0.270383	9826
-61	-2	0.277695	10042
-61	0	0.274941	9971
-61	2	0.272617	9923
-61	4	0.273637	9820
-61	6	0.27301	9836
-61	8	0.278394	10138
-61	10	0.274384	9939
-61	12	0.274122	9901
-61	14	0.271623	9836
-61	16	0.266895	9660
-61	18	0.268806	9727
-61	20	0.272331	9872
-61	22	0.274557	9956
-61	24	0.275064	9866
-59	-24	0.271877	9830
-59	-22	0.275406	9843
-59	-20	0.274691	9904
-59	-18	0.270764	9806
-59	-16	0.273401	9820
-59	-14	0.273701	9859
-59	-12	0.272215	9852
-59	-10	0.272437	9814
-59	-8	0.27501	9924
-59	-6	0.274532	9831
-59	-4	0.273751	9967
-59	-2	0.27419	9836
-59	0	0.272025	9890
-59	2	0.271966	9936
-59	4	0.277245	10082
-59	6	0.274209	9860
-59	8	0.277537	9935
-59	10	0.275247	9929
-59	12	0.273288	9881
-59	14	0.274772	9908
-59	16	0.27106	9769
-59	18	0.27174	9759
-59	20	0.270754	9804
-59	22	0.274797	10032
-59	24	0.27291	9902
-57	-24	0.277101	9946
-57	-22	0.271733	9740
-57	-20	0.273609	10013
-57	-18	0.27273	9830
-57	-16	0.274329	9920
-57	-14	0.273019	9770
-57	-12	0.274081	9885
-57	-10	0.272156	9796
-57	-8	0.270927	9684
-57	-6	0.271478	9916
-57	-4	0.270564	9802
-57	-2	0.27042	9793
-57	0	0.270995	9813
-57	2	0.273123	9839
-57	4	0.274727	9841
-57	6	0.273348	9855
-57	8	0.273705	9927
-57	10	0.275555	9950
-57	12	0.271787	9802
-57	14	0.270913	9745
-57	16	0.280386	10111
-57	18	0.270929	9822
-57	20	0.271477	9869
-57	22	0.272068	9863
-57	24	0.27106	9875
-55	-24	0.273472	9842
-55	-22	0.271677	9810
-55	-20	0.272811	9801
-55	-18	0.272939	9867
-55	-16	0.272125	9907
-55	-14	0.269163	9769
-55	-12	0.272007	9820
-55	-10	0.271463	9875
-55	-8	0.271839	9905
-55	-6	0.269466	9690
-55	-4	0.273904	9883
-55	-2	0.273014	9962
-55	0	0.274541	9814
-55	2	0.274647	9870
-55	4	0.273768	9831
-55	6	0.267684	9646
-55	8	0.272661	9779
-55	10	0.27459	9983
-55	12	0.269128	9638
-55	14	0.271062	9794
-55	16	0.275374	9903
-55	18	0.271597	9812
-55	20	0.272451	9851
-55	22	0.272295	9859
-55	24	0.273077	9937
-53	-24	0.274672	9939
-53	-22	0.273534	9827
-53	-20	0.273706	9889
-53	-18	0.274626	9942
-53	-16	0.273025	9919
-53	-14	0.274458	9945
-53	-12	0.275208	9924
-53	-10	0.268351	9600
-53	-8	0.27132	9818
-53	-6	0.273276	9877
-53	-4	0.275368	9954
-53	-2	0.272443	9842
-53	0	0.271584	9830
-53	2	0.272212	9801
-53	4	0.27729	10021
-53	6	0.27742	9920
-53	8	0.267677	9612
-53	10	0.271323	9747
-53	12	0.275534	9860
-53	14	0.272331	9860
-53	16	0.27147	9815
-53	18	0.273715	9848
-53	20	0.273125	9812
-53	22	0.273009	9789
-53	24	0.274412	9889
-51	-24	0.275084	9933
-51	-22	0.273017	9934
-51	-20	0.270172	9727
-51	-18	0.27603	9952
-51	-16	0.27276	9893
-51	-14	0.274123	9960
-51	-12	0.274662	9912
-51	-10	0.274755	9828
-51	-8	0.270783	9788
-51	-6	0.277289	9935
-51	-4	0.274962	9988
-51	-2	0.270999	9763
-51	0	0.273736	10013
-51	2	0.271834	9876
-51	4	0.274091	9941
-51	6	0.273123	9854
-51	8	0.271678	9819
-51	10	0.270674	9813
-51	12	0.27384	9887
-51	14	0.274243	9918
-51	16	0.276122	9989
-51	18	0.269203	9771
-51	20	0.272479	9888
-51	22	0.270224	9784
-51	24	0.269975	9802
-49	-24	0.270577	9839
-49	-22	0.273409	9919
-49	-20	0.271605	9812
-49	-18	0.272587	9893
-49	-16	0.270032	9810
-49	-14	0.274092	9858
-49	-12	0.273387	9863
-49	-10	0.272998	9912
-49	-8	0.275094	10050
-49	-6	0.276739	9964
-49	-4	0.272647	9836
-49	-2	0.272672	9823
-49	0	0.275256	9934
-49	2	0.272329	9885
-49	4	0.275865	9943
-49	6	0.27117	9738
-49	8	0.268133	9726
-49	10	0.274137	9921
-49	12	0.271361	9861
-49	14	0.273086	9901
-49	16	0.274978	9897
-49	18	0.273981	9857
-49	20	0.270692	9844
-49	22	0.271617	9763
-49	24	0.269565	9617
-47	-24	0.273809	10011
-47	-22	0.271007	9753
-47	-20	0.274611	9889
-47	-18	0.273154	9824
-47	-16	0.269504	9766
-47	-14	0.271263	9871
-47	-12	0.268342	9725
-47	-10	0.27433	10018
-47	-8	0.272509	9852
-47	-6	0.269286	9809
-47	-4	0.273034	9865
-47	-2	0.277279	10012
-47	0	0.277825	10037
-47	2	0.272949	9973
-47	4	0.269549	9700
-47	6	0.272033	9825
-47	8	0.273914	9971
-47	10	0.276865	9976
-47	12	0.27011	9822
-47	14	0.269572	9762
-47	16	0.274751	9899
-47	18	0.271463	9799
-47	20	0.27142	9798
-47	22	0.272259	9883
-47	24	0.268465	9676
-45	-24	0.271331	9766
-45	-22	0.275222	9919
-45	-20	0.273123	9904
-45	-18	0.274645	9893
-45	-16	0.273503	9964
-45	-14	0.273817	9936
-45	-12	0.270558	9739
-45	-10	0.273249	9758
-45	-8	0.270078	9759
-45	-6	0.274378	9789
-45	-4	0.271433	9799
-45	-2	0.273894	9838
-45	0	0.27331	9849
-45	2	0.27357	9944
-45	4	0.271612	9916
-45	6	0.27129	9850
-45	8	0.269602	9786
-45	10	0.273053	9893
-45	12	0.274248	9902
-45	14	0.278589	10071
-45	16	0.272589	9865
-45	18	0.269811	9789
-45	20	0.275654	10025
-45	22	0.272003	9865
-45	24	0.269805	9744
-43	-24	0.273322	9950
-43	-22	0.275077	9941
-43	-20	0.271957	9825
-43	-18	0.271455	9774
-43	-16	0.272594	9866
-43	-14	0.272803	9843
-43	-12	0.276223	9907
-43	-10	0.275378	9964
-43	-8	0.275062	9938
-43	-6	0.273039	9798
-43	-4	0.273813	9857
-43	-2	0.272358	9846
-43	0	0.275777	9939
-43	2	0.271548	9899
-43	4	0.276222	9865
-43	6	0.272115	9782
-43	8	0.272467	9811
-43	10	0.273912	9857
-43	12	0.2717	9857
-43	14	0.271445	9854
-43	16	0.274631	9915
-43	18	0.272083	9786
-43	20	0.272978	9905
-43	22	0.272195	9848
-43	24	0.271512	9753
-41	-24	0.268569	9730
-41	-22	0.272589	9835
-41	-20	0.27192	9763
-41	-18	0.274038	9827
-41	-16	0.267915	9661
-41	-14	0.274051	9879
-41	-12	0.27121	9798
-41	-10	0.270921	9706
-41	-8	0.271559	9828
-41	-6	0.272859	9818
-41	-4	0.269513	9682
-41	-2	0.272108	9874
-41	0	0.274738	10026
-41	2	0.275159	9928
-41	4	0.27329	9889
-41	6	0.272712	9945
-41	8	0.2725	9795
-41	10	0.272605	9768
-41	12	0.271654	9898
-41	14	0.27511	9973
-41	16	0.274556	9951
-41	18	0.276293	9912
-41	20	0.276714	9975
-41	22	0.271215	9812
-41	24	0.275237	9938
-39	-24	0.272278	9796
-39	-22	0.268046	9681
-39	-20	0.272168	9865
-39	-18	0.274033	9863
-39	-16	0.26957	9711
-39	-14	0.27578	9906
-39	-12	0.271537	9809
-39	-10	0.27468	9808
-39	-8	0.272216	9867
-39	-6	0.275764	9973
-39	-4	0.274514	9961
-39	-2	0.269178	9688
-39	0	0.269497	9731
-39	2	0.272969	9843
-39	4	0.272335	9834
-39	6	0.276172	9985
-39	8	0.274387	9977
-39	10	0.273919	9863
-39	12	0.274863	9933
-39	14	0.275893	10005
-39	16	0.271128	9804
-39	18	0.271797	9907
-39	20	0.277942	10054
-39	22	0.273869	9922
-39	24	0.273857	9869
-37	-24	0.278816	10087
-37	-22	0.272245	9849
-37	-20	0.272503	9951
-37	-18	0.274868	9920
-37	-16	0.269794	9793
-37	-14	0.27203	9829
-37	-12	0.273785	9902
-37	-10	0.269283	9786
-37	-8	0.27361	9914
-37	-6	0.273339	9782
-37	-4	0.275269	9924
-37	-2	0.273297	9904
-37	0	0.272157	9725
-37	2	0.273375	9868
-37	4	0.274449	9867
-37	6	0.272687	9745
-37	8	0.27539	9873
-37	10	0.27109	9817
-37	12	0.274049	9857
-37	14	0.269231	9709
-37	16	0.271185	9706
-37	18	0.26981	9718
-37	20	0.273159	9893
-37	22	0.27172	9808
-37	24	0.271351	9821
-35	-24	0.274068	9944
-35	-22	0.269388	9768
-35	-20	0.273013	9820
-35	-18	0.273007	9852
-35	-16	0.271476	9822
-35	-14	0.268147	9649
-35	-12	0.274011	9971
-35	-10	0.270413	9760
-35	-8	0.273841	9835
-35	-6	0.27714	9918
-35	-4	0.273848	9838
-35	-2	0.274141	9962
-35	0	0.274292	9928
-35	2	0.274268	9917
-35	4	0.271369	9737
-35	6	0.273363	9893
-35	8	0.274417	9879
-35	10	0.267564	9643
-35	12	0.274371	9848
-35	14	0.27686	10140
-35	16	0.270879	9821
-35	18	0.271799	9747
-35	20	0.27378	9838
-35	22	0.27479	9871
-35	24	0.267907	9665
-33	-24	0.275011	9940
-33	-22	0.272502	9791
-33	-20	0.270683	9763
-33	-18	0.271805	9810
-33	-16	0.274821	9976
-33	-14	0.271163	9866
-33	-12	0.275142	9915
-33	-10	0.275761	9990
-33	-8	0.277895	10047
-33	-6	0.279405	10129
-33	-4	0.274178	9979
-33	-2	0.270401	9858
-33	0	0.277056	10002
-33	2	0.271048	9745
-33	4	0.274712	9952
-33	6	0.269205	9784
-33	8	0.273701	9891
-33	10	0.273109	9883
-33	12	0.270713	9760
-33	14	0.276168	9960
-33	16	0.272502	9773
-33	18	0.27253	9928
-33	20	0.274408	9913
-33	22	0.272048	9834
-33	24	0.269642	9668
-31	-24	0.274432	10008
-31	-22	0.273669	9854
-31	-20	0.273363	9928
-31	-18	0.272313	9849
-31	-16	0.269132	9731
-31	-14	0.270126	9744
-31	-12	0.276198	9947
-31	-10	0.272266	9819
-31	-8	0.271581	9753
-31	-6	0.272586	9806
-31	-4	0.272936	9844
-31	-2	0.272954	9837
-31	0	0.27134	9778
-31	2	0.27213	9730
-31	4	0.274964	9982
-31	6	0.276031	10026
-31	8	0.277232	10155
-31	10	0.272488	9821
-31	12	0.273488	9833
-31	14	0.270091	9817
-31	16	0.274456	10002
-31	18	0.273982	9985
-31	20	0.271457	9716
-31	22	0.269649	9771
-31	24	0.27359	9893
-29	-24	0.273751	9895
-29	-22	0.272186	9836
-29	-20	0.269626	9864
-29	-18	0.266783	9645
-29	-16	0.271392	9867
-29	-14	0.273124	9824
-29	-12	0.276512	9955
-29	-10	0.273656	9856
-29	-8	0.269762	9719
-29	-6	0.275822	9918
-29	-4	0.276387	9906
-29	-2	0.270795	9825
-29	0	0.269655	9799
-29	2	0.270174	9706
-29	4	0.27242	9845
-29	6	0.2771	9995
-29	8	0.274676	9946
-29	10	0.269741	9715
-29	12	0.275313	10020
-29	14	0.274334	9856
-29	16	0.272461	9853
-29	18	0.274917	9930
-29	20	0.270517	9714
-29	22	0.274488	9965
-29	24	0.270083	9797
-27	-24	0.272033	9825
-27	-22	0.272018	9766
-27	-20	0.271953	9734
-27	-18	0.271683	9742
-27	-16	0.275589	10032
-27	-14	0.272283	9910
-27	-12	0.274553	9882
-27	-10	0.275199	9908
-27	-8	0.278511	10081
-27	-6	0.275822	9974
-27	-4	0.270435	9727
-27	-2	0.274516	10002
-27	0	0.274171	9857
-27	2	0.278132	10067
-27	4	0.272913	9874
-27	6	0.27572	9951
-27	8	0.272424	9792
-27	10	0.274074	9859
-27	12	0.273233	9870
-27	14	0.273698	9892
-27	16	0.2721	9825
-27	18	0.275985	9981
-27	20	0.270093	9692
-27	22	0.27142	9760
-27	24	0.275486	9958
-25	-24	0.27281	9903
-25	-22	0.271007	9724
-25	-20	0.272162	9800
-25	-18	0.273527	9789
-25	-16	0.26928	9602
-25	-14	0.272442	9806
-25	-12	0.274935	9838
-25	-10	0.265282	9539
-25	-8	0.273143	9982
-25	-6	0.275939	9944
-25	-4	0.272205	9813
-25	-2	0.27172	9739
-25	0	0.27006	9747
-25	2	0.270378	9762
-25	4	0.275214	9859
-25	6	0.276197	10000
-25	8	0.275148	9981
-25	10	0.270992	9756
-25	12	0.274001	9915
-25	14	0.274338	9987
-25	16	0.273372	9872
-25	18	0.27837	10050
-25	20	0.270792	9781
-25	22	0.27585	9975
-25	24	0.27668	9979
-23	-24	0.276241	10085
-23	-22	0.269802	9793
-23	-20	0.272167	9841
-23	-18	0.274492	9927
-23	-16	0.269838	9695
-23	-14	0.27708	9930
-23	-12	0.268983	9699
-23	-10	0.273362	9905
-23	-8	0.275341	9942
-23	-6	0.274042	9894
-23	-4	0.274103	9959
-23	-2	0.271636	9749
-23	0	0.272535	9787
-23	2	0.275991	9926
-23	4	0.273215	9921
-23	6	0.271058	9744
-23	8	0.270857	9769
-23	10	0.272762	9919
-23	12	0.272712	9903
-23	14	0.271831	9846
-23	16	0.275278	9929
-23	18	0.268487	9716
-23	20	0.27443	10009
-23	22	0.277557	9989
-23	24	0.274598	9916
-21	-24	0.274964	9913
-21	-22	0.27188	9829
-21	-20	0.269357	9758
-21	-18	0.277442	10110
-21	-16	0.27083	9784
-21	-14	0.275457	9925
-21	-12	0.269572	9810
-21	-10	0.271417	9809
-21	-8	0.271644	9827
-21	-6	0.271667	9880
-21	-4	0.27814	10062
-21	-2	0.274109	9880
-21	0	0.272831	9799
-21	2	0.274271	9967
-21	4	0.275586	9990
-21	6	0.271696	9824
-21	8	0.275408	9956
-21	10	0.276034	9993
-21	12	0.274814	10023
-21	14	0.272225	9796
-21	16	0.274544	9849
-21	18	0.271286	9721
-21	20	0.275749	9938
-21	22	0.274724	9967
-21	24	0.27128	9800
-19	-24	0.273558	9911
-19	-22	0.269906	9742
-19	-20	0.273983	9916
-19	-18	0.273885	9896
-19	-16	0.272205	9853
-19	-14	0.272007	9783
-19	-12	0.273817	9893
-19	-10	0.272621	9795
-19	-8	0.274382	9931
-19	-6	0.2777	10053
-19	-4	0.275058	9912
-19	-2	0.276441	10021
-19	0	0.27408	9851
-19	2	0.274996	9841
-19	4	0.275305	9990
-19	6	0.275199	9990
-19	8	0.273598	9832
-19	10	0.271086	9742
-19	12	0.268982	9781
-19	14	0.27394	9901
-19	16	0.275404	9979
-19	18	0.271321	9786
-19	20	0.267942	9759
-19	22	0.270414	9766
-19	24	0.272767	9881
-17	-24	0.276206	9931
-17	-22	0.275597	9962
-17	-20	0.272579	9830
-17	-18	0.27591	9906
-17	-16	0.272335	9718
-17	-14	0.267699	9646
-17	-12	0.271	9730
-17	-10	0.276944	10060
-17	-8	0.2742	9954
-17	-6	0.273125	9868
-17	-4	0.27234	9841
-17	-2	0.272474	9887
-17	0	0.274428	9886
-17	2	0.265424	9585
-17	4	0.272158	9860
-17	6	0.274805	9907
-17	8	0.27094	9866
-17	10	0.274116	9943
-17	12	0.270285	9810
-17	14	0.273974	9888
-17	16	0.272461	9877
-17	18	0.272893	9894
-17	20	0.266152	9557
-17	22	0.277664	10002
-17	24	0.272857	9789
-15	-24	0.273351	9918
-15	-22	0.274154	9943
-15	-20	0.278373	10049
-15	-18	0.272283	9852
-15	-16	0.273238	9865
-15	-14	0.272633	9757
-15	-12	0.274555	9985
-15	-10	0.269706	9731
-15	-8	0.273873	9823
-15	-6	0.27008	9758
-15	-4	0.276068	9955
-15	-2	0.268325	9642
-15	0	0.270744	9681
-15	2	0.272509	9867
-15	4	0.274968	9895
-15	6	0.276167	9889
-15	8	0.270727	9747
-15	10	0.276481	10044
-15	12	0.27149	9838
-15	14	0.275186	9981
-15	16	0.276747	9938
-15	18	0.277595	10057
-15	20	0.27299	9841
-15	22	0.27373	9900
-15	24	0.272137	9758
-13	-24	0.273966	9814
-13	-22	0.276583	9913
-13	-20	0.277138	9990
-13	-18	0.271217	9811
-13	-16	0.272767	9866
-13	-14	0.27714	10015
-13	-12	0.2701	9719
-13	-10	0.272236	9874
-13	-8	0.26893	9710
-13	-6	0.274722	9940
-13	-4	0.274775	9932
-13	-2	0.271107	9855
-13	0	0.275636	9924
-13	2	0.274881	9896
-13	4	0.274028	10053
-13	6	0.273763	9830
-13	8	0.276746	9936
-13	10	0.2739	9876
-13	12	0.2723	9839
-13	14	0.27237	9847
-13	16	0.272775	9815
-13	18	0.272808	9796
-13	20	0.272052	9851
-13	22	0.274087	9837
-13	24	0.276242	9982
-11	-24	0.272151	9795
-11	-22	0.270284	9804
-11	-20	0.273556	9874
-11	-18	0.27384	9910
-11	-16	0.274095	9894
-11	-14	0.274507	9818
-11	-12	0.271393	9708
-11	-10	0.274121	9870
-11	-8	0.271392	9794
-11	-6	0.272894	9983
-11	-4	0.270011	9796
-11	-2	0.273535	9911
-11	0	0.274847	9983
-11	2	0.274871	9872
-11	4	0.274824	9900
-11	6	0.27532	9963
-11	8	0.272345	9784
-11	10	0.276749	9971
-11	12	0.271668	9842
-11	14	0.271178	9773
-11	16	0.27622	10021
-11	18	0.269069	9701
-11	20	0.274066	9882
-11	22	0.272002	9856
-11	24	0.275539	9923
-9	-24	0.276103	10001
-9	-22	0.274209	9840
-9	-20	0.270883	9842
-9	-18	0.272289	9825
-9	-16	0.276882	9973
-9	-14	0.276128	9995
-9	-12	0.271957	9887
-9	-10	0.272872	9962
-9	-8	0.275652	9921
-9	-6	0.275834	9999
-9	-4	0.272971	9884
-9	-2	0.272546	9840
-9	0	0.273591	9852
-9	2	0.272011	9772
-9	4	0.272838	9814
-9	6	0.273301	9955
-9	8	0.26986	9838
-9	10	0.269382	9795
-9	12	0.271984	9851
-9	14	0.271604	9869
-9	16	0.276671	10031
-9	18	0.275011	10006
-9	20	0.272161	9874
-9	22	0.271916	9811
-9	24	0.276384	9978
-7	-24	0.272412	9821
-7	-22	0.270251	9732
-7	-20	0.270012	9792
-7	-18	0.270207	9728
-7	-16	0.273236	9854
-7	-14	0.274957	9943
-7	-12	0.27536	9957
-7	-10	0.275083	9958
-7	-8	0.274	9867
-7	-6	0.272209	9833
-7	-4	0.27788	10094
-7	-2	0.271583	9771
-7	0	0.273353	9850
-7	2	0.271603	9857
-7	4	0.268512	9722
-7	6	0.274633	9928
-7	8	0.272692	9875
-7	10	0.274057	9951
-7	12	0.269304	9741
-7	14	0.27288	9887
-7	16	0.272376	9811
-7	18	0.271967	9988
-7	20	0.271397	9792
-7	22	0.270321	9714
-7	24	0.267539	9625
-5	-24	0.273621	9910
-5	-22	0.270833	9672
-5	-20	0.272146	9831
-5	-18	0.271469	9708
-5	-16	0.275344	9949
-5	-14	0.277775	10061
-5	-12	0.271042	9783
-5	-10	0.271307	9884
-5	-8	0.274685	9951
-5	-6	0.275042	9918
-5	-4	0.271603	9750
-5	-2	0.273727	9861
-5	0	0.273787	9884
-5	2	0.275297	9887
-5	4	0.276198	9889
-5	6	0.271076	9746
-5	8	0.273568	9904
-5	10	0.275536	10043
-5	12	0.272338	9787
-5	14	0.276204	9908
-5	16	0.273085	9866
-5	18	0.272375	9897
-5	20	0.269259	9668
-5	22	0.26661	9703
-5	24	0.274871	9977
-3	-24	0.272967	9829
-3	-22	0.276201	10075
-3	-20	0.271817	9802
-3	-18	0.27324	9885
-3	-16	0.272707	9908
-3	-14	0.276022	9931
-3	-12	0.274301	9953
-3	-10	0.274063	9889
-3	-8	0.273301	9879
-3	-6	0.274826	9977
-3	-4	0.26958	9727
-3	-2	0.270926	9665
-3	0	0.274636	9902
-3	2	0.272845	9898
-3	4	0.272343	9782
-3	6	0.271904	9819
-3	8	0.274164	9939
-3	10	0.272347	9835
-3	12	0.275377	9986
-3	14	0.270836	9830
-3	16	0.273408	9826
-3	18	0.272173	9915
-3	20	0.269784	9733
-3	22	0.272909	9855
-3	24	0.272367	9763
-1	-24	0.269767	9860
-1	-22	0.273426	9889
-1	-20	0.272413	9848
-1	-18	0.27138	9720
-1	-16	0.267366	9692
-1	-14	0.273205	9869
-1	-12	0.274369	9905
-1	-10	0.269815	9746
-1	-8	0.27283	9883
-1	-6	0.271359	9862
-1	-4	0.270842	9928
-1	-2	0.272987	9842
-1	0	0.266985	9604
-1	2	0.274921	9992
-1	4	0.273193	9859
-1	6	0.27254	9815
-1	8	0.271542	9725
-1	10	0.27421	9919
-1	12	0.27158	9813
-1	14	0.278155	10114
-1	16	0.275464	10012
-1	18	0.273392	9870
-1	20	0.273895	10001
-1	22	0.27371	9847
-1	24	0.27639	9934
