-99 -24. 0.27225 369
-99 -22 0.27191 	377
-99 -20 0.273664 386
-99 -18 0.27939 	426
-99 -16 0.270525 366
-99 -14 0.274827 360
-99 -12 0.273816 406
-99 -10 0.270755 431
-99 -8 0.281805 519
-99 -6 0.274249 487
-99 -4 0.27511 	555
-99 -2 0.272326 561
-99 0 0.276831 554
-99 2 0.273724 526
-99 4 0.275055 572
-99 6 0.274982 539
-99 8 0.275074 499
-99 10 0.275013 454
-99 12 0.273643 425
-99 14 0.276457 396
-99 16 0.273375 398
-99 18 0.276267 365
-99 20 0.275388 394
-99 22 0.271021 388
-99 24 0.273982 369
-97 -24. 0.276635		355
-97 -22 0.273046 344
-97 -20 0.273758 382
-97 -18 0.273854 420
-97 -16 0.27388 	374
-97 -14 0.278258 389
-97 -12 0.268763 430
-97 -10 0.273167 457
-97 -8 0.271542 504
-97 -6 0.277142 554
-97 -4 0.269742 557
-97 -2 0.27428 	579
-97 0 0.271466 574
-97 2 0.274809 570
-97 4 0.279131 589
-97 6 0.275 	527
-97 8 0.273814 496
-97 10 0.272897 414
-97 12 0.273591 386
-97 14 0.275357 370
-97 16 0.276896 429
-97 18 0.276446 397
-97 20 0.27674 	370
-97 22 0.274564 367
-97 24 0.271775 392
-95 -24. 0.276304		398
-95 -22 0.274716 349
-95 -20 0.271458 388
-95 -18 0.276404 369
-95 -16 0.271419 379
-95 -14 0.275085 390
-95 -12 0.275303 402
-95 -10 0.274696 464
-95 -8 0.271234 498
-95 -6 0.275479 496
-95 -4 0.272194 531
-95 -2 0.274321 575
-95 0 0.271942 572
-95 2 0.272288 581
-95 4 0.277935 542
-95 6 0.271455 495
-95 8 0.272781 474
-95 10 0.271614 450
-95 12 0.273237 372
-95 14 0.276296 380
-95 16 0.274248 387
-95 18 0.275094 390
-95 20 0.272995 379
-95 22 0.27519 	386
-95 24 0.273711 387
-93 -24. 0.274068		401
-93 -22 0.275481 419
-93 -20 0.273878 416
-93 -18 0.274997 405
-93 -16 0.270384 397
-93 -14 0.274425 413
-93 -12 0.279477 395
-93 -10 0.275104 434
-93 -8 0.275312 447
-93 -6 0.274148 510
-93 -4 0.271976 588
-93 -2 0.275635 552
-93 0 0.273305 593
-93 2 0.276034 584
-93 4 0.277776 537
-93 6 0.276183 508
-93 8 0.273705 457
-93 10 0.272136 433
-93 12 0.271573 414
-93 14 0.277081 366
-93 16 0.274479 382
-93 18 0.274407 420
-93 20 0.273854 395
-93 22 0.275501 363
-93 24 0.269408 364
-91 -24. 0.271922		414
-91 -22 0.272515 381
-91 -20 0.273686 395
-91 -18 0.275531 399
-91 -16 0.274149 416
-91 -14 0.275569 375
-91 -12 0.273798 405
-91 -10 0.277064 433
-91 -8 0.276562 465
-91 -6 0.273785 476
-91 -4 0.273628 539
-91 -2 0.275805 549
-91 0 0.270184 591
-91 2 0.275344 573
-91 4 0.272539 526
-91 6 0.272046 513
-91 8 0.27476 	448
-91 10 0.278284 468
-91 12 0.274906 377
-91 14 0.2764 	396
-91 16 0.271537 364
-91 18 0.27742 	395
-91 20 0.270509 428
-91 22 0.272238 377
-91 24 0.275208 370
-89 -24. 0.275378		371
-89 -22 0.273579 390
-89 -20 0.271206 369
-89 -18 0.271219 394
-89 -16 0.275569 410
-89 -14 0.276905 398
-89 -12 0.274284 431
-89 -10 0.27624 	426
-89 -8 0.27212 	415
-89 -6 0.276763 521
-89 -4 0.27252 	516
-89 -2 0.276016 587
-89 0 0.276494 583
-89 2 0.27285 	562
-89 4 0.273829 514
-89 6 0.274653 514
-89 8 0.273195 455
-89 10 0.273337 419
-89 12 0.274479 390
-89 14 0.275888 393
-89 16 0.27186 	389
-89 18 0.269711 362
-89 20 0.269552 387
-89 22 0.276008 401
-89 24 0.274434 414
-87 -24. 0.275613		397
-87 -22 0.275614 374
-87 -20 0.275142 405
-87 -18 0.272392 372
-87 -16 0.273658 425
-87 -14 0.276299 411
-87 -12 0.274855 410
-87 -10 0.275722 429
-87 -8 0.270838 441
-87 -6 0.277438 451
-87 -4 0.274865 530
-87 -2 0.268884 539
-87 0 0.273917 583
-87 2 0.272439 533
-87 4 0.278109 517
-87 6 0.270361 475
-87 8 0.27357 	454
-87 10 0.270041 437
-87 12 0.275873 387
-87 14 0.273926 407
-87 16 0.28067 	400
-87 18 0.275156 425
-87 20 0.275685 420
-87 22 0.275598 444
-87 24 0.276374 409
-85 -24. 0.273653		409
-85 -22 0.274221 405
-85 -20 0.273804 392
-85 -18 0.276927 403
-85 -16 0.272148 380
-85 -14 0.275223 418
-85 -12 0.273729 387
-85 -10 0.275641 363
-85 -8 0.275585 448
-85 -6 0.272562 469
-85 -4 0.274534 548
-85 -2 0.276451 561
-85 0 0.276787 592
-85 2 0.278471 558
-85 4 0.27747 	528
-85 6 0.27177 	488
-85 8 0.274276 456
-85 10 0.273723 354
-85 12 0.273885 404
-85 14 0.274596 388
-85 16 0.273374 370
-85 18 0.27526 	358
-85 20 0.272902 405
-85 22 0.275383 435
-85 24 0.275249 434
-83 -24. 0.274189		391
-83 -22 0.275907 387
-83 -20 0.273698 397
-83 -18 0.272385 382
-83 -16 0.274242 457
-83 -14 0.275164 414
-83 -12 0.275382 439
-83 -10 0.273019 413
-83 -8 0.272765 419
-83 -6 0.270217 452
-83 -4 0.273177 475
-83 -2 0.273275 522
-83 0 0.274614 610
-83 2 0.275916 544
-83 4 0.279763 516
-83 6 0.273756 493
-83 8 0.27239 	387
-83 10 0.269513 399
-83 12 0.278128 416
-83 14 0.275619 394
-83 16 0.276288 410
-83 18 0.26942 	408
-83 20 0.276867 446
-83 22 0.27456 	413
-83 24 0.271498 431
-81 -24. 0.274227		435
-81 -22 0.274872 391
-81 -20 0.274724 393
-81 -18 0.277807 431
-81 -16 0.269944 403
-81 -14 0.279038 411
-81 -12 0.275123 452
-81 -10 0.273146 367
-81 -8 0.271763 439
-81 -6 0.27628 	504
-81 -4 0.275111 485
-81 -2 0.272768 566
-81 0 0.274778 538
-81 2 0.274257 521
-81 4 0.276371 482
-81 6 0.280431 467
-81 8 0.275084 405
-81 10 0.272027 425
-81 12 0.275673 407
-81 14 0.273978 413
-81 16 0.275117 424
-81 18 0.275704 396
-81 20 0.275936 409
-81 22 0.272921 414
-81 24 0.271699 423
-79 -24. 0.274777		432
-79 -22 0.276164 429
-79 -20 0.275759 427
-79 -18 0.27478 	392
-79 -16 0.276174 428
-79 -14 0.273841 414
-79 -12 0.273285 362
-79 -10 0.279648 418
-79 -8 0.271372 436
-79 -6 0.269128 422
-79 -4 0.275216 506
-79 -2 0.27428 	574
-79 0 0.275469 552
-79 2 0.273037 544
-79 4 0.274218 527
-79 6 0.273514 426
-79 8 0.273994 396
-79 10 0.271432 421
-79 12 0.272137 414
-79 14 0.275095 428
-79 16 0.269111 376
-79 18 0.274164 421
-79 20 0.273113 420
-79 22 0.273779 422
-79 24 0.274849 411
-77 -24. 0.271441		424
-77 -22 0.277761 455
-77 -20 0.270935 416
-77 -18 0.274665 425
-77 -16 0.274095 403
-77 -14 0.271747 377
-77 -12 0.273337 413
-77 -10 0.274561 433
-77 -8 0.277135 448
-77 -6 0.273648 427
-77 -4 0.274828 472
-77 -2 0.27311 	518
-77 0 0.275447 527
-77 2 0.271818 487
-77 4 0.271231 462
-77 6 0.271668 467
-77 8 0.270565 413
-77 10 0.275313 405
-77 12 0.280105 427
-77 14 0.272337 417
-77 16 0.276363 443
-77 18 0.276203 422
-77 20 0.273957 422
-77 22 0.273256 448
-77 24 0.276943 433
-75 -24. 0.274386		436
-75 -22 0.275801 462
-75 -20 0.274356 422
-75 -18 0.272858 429
-75 -16 0.274237 475
-75 -14 0.27575 	402
-75 -12 0.275261 439
-75 -10 0.279027 430
-75 -8 0.270396 414
-75 -6 0.275349 425
-75 -4 0.274104 489
-75 -2 0.277232 509
-75 0 0.277081 524
-75 2 0.271081 509
-75 4 0.273528 439
-75 6 0.276082 416
-75 8 0.272974 475
-75 10 0.274026 446
-75 12 0.271475 412
-75 14 0.276861 460
-75 16 0.276599 436
-75 18 0.277305 442
-75 20 0.27589 	450
-75 22 0.272887 442
-75 24 0.272999 445
-73 -24. 0.273393		460
-73 -22 0.272745 431
-73 -20 0.273556 406
-73 -18 0.275499 463
-73 -16 0.271991 411
-73 -14 0.272571 428
-73 -12 0.273612 433
-73 -10 0.274598 457
-73 -8 0.271672 439
-73 -6 0.275304 435
-73 -4 0.27728 	468
-73 -2 0.273982 466
-73 0 0.2755 	460
-73 2 0.273006 496
-73 4 0.278363 408
-73 6 0.271322 446
-73 8 0.271373 485
-73 10 0.27577 	459
-73 12 0.272876 481
-73 14 0.274819 462
-73 16 0.272944 431
-73 18 0.276378 454
-73 20 0.269938 421
-73 22 0.27167 	434
-73 24 0.276207 475
-71 -24. 0.27367 436
-71 -22 0.279749 461
-71 -20 0.27319 	447
-71 -18 0.273213 439
-71 -16 0.275824 446
-71 -14 0.274294 442
-71 -12 0.274769 472
-71 -10 0.273067 408
-71 -8 0.27734 	458
-71 -6 0.274947 439
-71 -4 0.27399 	437
-71 -2 0.278869 487
-71 0 0.270617 468
-71 2 0.273649 434
-71 4 0.271961 452
-71 6 0.280302 463
-71 8 0.268631 450
-71 10 0.277372 431
-71 12 0.268401 423
-71 14 0.276702 419
-71 16 0.275559 457
-71 18 0.275884 441
-71 20 0.275188 432
-71 22 0.269149 419
-71 24 0.274347 467
-69 -24. 0.275315		470
-69 -22 0.27257 	448
-69 -20 0.275345 445
-69 -18 0.275035 457
-69 -16 0.277672 432
-69 -14 0.274522 496
-69 -12 0.273756 459
-69 -10 0.274068 428
-69 -8 0.280536 488
-69 -6 0.272088 416
-69 -4 0.271515 419
-69 -2 0.273702 387
-69 0 0.275634 405
-69 2 0.273841 389
-69 4 0.273278 408
-69 6 0.273167 436
-69 8 0.274321 430
-69 10 0.277761 424
-69 12 0.271571 450
-69 14 0.278783 500
-69 16 0.272411 441
-69 18 0.278502 453
-69 20 0.276172 458
-69 22 0.272181 439
-69 24 0.278388 473
-67 -24. 0.278249		443
-67 -22 0.274332 485
-67 -20 0.27325 	477
-67 -18 0.269056 421
-67 -16 0.27615 	423
-67 -14 0.274623 479
-67 -12 0.273875 490
-67 -10 0.27931 	437
-67 -8 0.274755 466
-67 -6 0.272996 451
-67 -4 0.269438 425
-67 -2 0.275544 343
-67 0 0.272981 344
-67 2 0.273351 357
-67 4 0.273776 406
-67 6 0.273041 452
-67 8 0.274088 484
-67 10 0.274904 481
-67 12 0.271159 436
-67 14 0.273108 465
-67 16 0.267071 465
-67 18 0.270791 468
-67 20 0.268964 464
-67 22 0.274691 463
-67 24 0.272908 476
-65 -24. 0.274599		497
-65 -22 0.272005 482
-65 -20 0.275939 466
-65 -18 0.271882 413
-65 -16 0.272667 435
-65 -14 0.276288 459
-65 -12 0.276782 446
-65 -10 0.275103 441
-65 -8 0.277773 450
-65 -6 0.278644 477
-65 -4 0.275301 394
-65 -2 0.277357 307
-65 0 0.273757 334
-65 2 0.271759 339
-65 4 0.279956 378
-65 6 0.275614 476
-65 8 0.276534 459
-65 10 0.276161 464
-65 12 0.274402 441
-65 14 0.276836 459
-65 16 0.271999 504
-65 18 0.277362 456
-65 20 0.274556 478
-65 22 0.27287 	480
-65 24 0.273637 456
-63 -24. 0.274952		487
-63 -22 0.274358 482
-63 -20 0.278939 486
-63 -18 0.273653 459
-63 -16 0.273874 465
-63 -14 0.271683 484
-63 -12 0.276605 432
-63 -10 0.269531 461
-63 -8 0.274383 440
-63 -6 0.273914 451
-63 -4 0.272267 361
-63 -2 0.273325 343
-63 0 0.276221 257
-63 2 0.276003 322
-63 4 0.271701 372
-63 6 0.275252 450
-63 8 0.275375 466
-63 10 0.272994 466
-63 12 0.273499 397
-63 14 0.279862 462
-63 16 0.270096 452
-63 18 0.270235 471
-63 20 0.274351 472
-63 22 0.271229 483
-63 24 0.27332 	485
-61 -24. 0.27447 473
-61 -22 0.277893 490
-61 -20 0.271314 472
-61 -18 0.270968 496
-61 -16 0.27291 	482
-61 -14 0.274928 492
-61 -12 0.273756 487
-61 -10 0.277472 482
-61 -8 0.277552 495
-61 -6 0.27386 	423
-61 -4 0.276147 369
-61 -2 0.269546 306
-61 0 0.276418 215
-61 2 0.27435 	317
-61 4 0.27548 	366
-61 6 0.269814 448
-61 8 0.270552 523
-61 10 0.272876 445
-61 12 0.272381 465
-61 14 0.273579 476
-61 16 0.272255 472
-61 18 0.278371 463
-61 20 0.271267 444
-61 22 0.275394 461
-61 24 0.273028 521
-59 -24. 0.27445 512
-59 -22 0.271801 466
-59 -20 0.270878 464
-59 -18 0.276718 483
-59 -16 0.271296 486
-59 -14 0.273635 474
-59 -12 0.269423 474
-59 -10 0.27455 	497
-59 -8 0.277588 518
-59 -6 0.273943 421
-59 -4 0.274245 366
-59 -2 0.274361 279
-59 0 0.274157 231
-59 2 0.27206 	256
-59 4 0.270014 358
-59 6 0.275858 446
-59 8 0.273005 453
-59 10 0.272482 491
-59 12 0.277173 468
-59 14 0.272735 453
-59 16 0.273073 491
-59 18 0.271676 441
-59 20 0.273366 509
-59 22 0.275489 486
-59 24 0.273665 490
-57 -24. 0.270422		498
-57 -22 0.277842 548
-57 -20 0.276506 531
-57 -18 0.276228 488
-57 -16 0.27353 	537
-57 -14 0.272908 470
-57 -12 0.271783 497
-57 -10 0.275917 484
-57 -8 0.274873 452
-57 -6 0.273037 354
-57 -4 0.273785 327
-57 -2 0.268881 251
-57 0 0.274695 255
-57 2 0.274769 270
-57 4 0.274071 344
-57 6 0.272526 446
-57 8 0.272531 450
-57 10 0.276513 492
-57 12 0.273071 516
-57 14 0.27496 	480
-57 16 0.274562 473
-57 18 0.275465 517
-57 20 0.274369 484
-57 22 0.26658 	484
-57 24 0.274161 495
-55 -24. 0.272209		538
-55 -22 0.2727 	520
-55 -20 0.272911 488
-55 -18 0.273883 478
-55 -16 0.273865 523
-55 -14 0.275928 518
-55 -12 0.273442 515
-55 -10 0.273996 491
-55 -8 0.27156 	468
-55 -6 0.279354 353
-55 -4 0.275113 284
-55 -2 0.273449 262
-55 0 0.278838 240
-55 2 0.272914 227
-55 4 0.271591 316
-55 6 0.275167 393
-55 8 0.276149 469
-55 10 0.275257 491
-55 12 0.275919 476
-55 14 0.274774 478
-55 16 0.277074 518
-55 18 0.272667 499
-55 20 0.271472 463
-55 22 0.273813 459
-55 24 0.276773 513
-53 -24. 0.276078		489
-53 -22 0.272243 501
-53 -20 0.268159 519
-53 -18 0.272083 499
-53 -16 0.277439 453
-53 -14 0.275421 504
-53 -12 0.272195 514
-53 -10 0.274691 477
-53 -8 0.27413 	437
-53 -6 0.278923 381
-53 -4 0.27836 	292
-53 -2 0.274816 255
-53 0 0.273685 246
-53 2 0.275925 272
-53 4 0.275945 273
-53 6 0.272599 360
-53 8 0.274811 428
-53 10 0.271372 484
-53 12 0.274647 476
-53 14 0.269981 516
-53 16 0.272517 512
-53 18 0.276492 522
-53 20 0.275817 510
-53 22 0.276015 489
-53 24 0.271339 521
-51 -24. 0.275055		532
-51 -22 0.273434 535
-51 -20 0.27833 	495
-51 -18 0.272246 522
-51 -16 0.272998 541
-51 -14 0.271327 500
-51 -12 0.273289 541
-51 -10 0.27393 	510
-51 -8 0.272685 395
-51 -6 0.274922 353
-51 -4 0.273017 278
-51 -2 0.27426 	250
-51 0 0.272192 237
-51 2 0.277528 275
-51 4 0.272273 242
-51 6 0.277153 350
-51 8 0.274384 414
-51 10 0.273227 496
-51 12 0.274612 474
-51 14 0.270863 498
-51 16 0.273829 473
-51 18 0.277902 506
-51 20 0.270469 484
-51 22 0.273117 514
-51 24 0.275976 534
-49 -24. 0.273187		511
-49 -22 0.276459 521
-49 -20 0.273251 505
-49 -18 0.271428 498
-49 -16 0.277487 540
-49 -14 0.274321 547
-49 -12 0.278555 527
-49 -10 0.272566 481
-49 -8 0.273726 409
-49 -6 0.275187 305
-49 -4 0.274216 226
-49 -2 0.272268 254
-49 0 0.273932 216
-49 2 0.27356 	260
-49 4 0.276423 241
-49 6 0.270043 296
-49 8 0.27712 	390
-49 10 0.273596 506
-49 12 0.274125 555
-49 14 0.272672 513
-49 16 0.269625 483
-49 18 0.274077 584
-49 20 0.273652 547
-49 22 0.273269 499
-49 24 0.27215 	501
-47 -24. 0.274483		520
-47 -22 0.278025 545
-47 -20 0.279658 545
-47 -18 0.27376 	492
-47 -16 0.271643 528
-47 -14 0.271847 559
-47 -12 0.274436 491
-47 -10 0.27198 	498
-47 -8 0.279782 351
-47 -6 0.27487 	239
-47 -4 0.271355 265
-47 -2 0.274564 246
-47 0 0.271511 275
-47 2 0.268171 241
-47 4 0.272977 243
-47 6 0.2788 	279
-47 8 0.276772 397
-47 10 0.274274 493
-47 12 0.27565 	538
-47 14 0.274342 553
-47 16 0.271966 550
-47 18 0.277809 560
-47 20 0.274105 495
-47 22 0.271794 539
-47 24 0.27251 	528
-45 -24. 0.274738		561
-45 -22 0.276046 575
-45 -20 0.275517 532
-45 -18 0.276874 562
-45 -16 0.276658 534
-45 -14 0.270736 497
-45 -12 0.276811 513
-45 -10 0.273784 425
-45 -8 0.27358 	329
-45 -6 0.277367 291
-45 -4 0.271934 292
-45 -2 0.270089 255
-45 0 0.2758 	289
-45 2 0.272109 262
-45 4 0.277263 226
-45 6 0.278123 262
-45 8 0.274997 354
-45 10 0.277345 458
-45 12 0.274126 523
-45 14 0.275117 558
-45 16 0.272175 512
-45 18 0.27275 	532
-45 20 0.272212 569
-45 22 0.27839 	558
-45 24 0.274525 547
-43 -24. 0.27416 561
-43 -22 0.272891 535
-43 -20 0.273366 592
-43 -18 0.276225 577
-43 -16 0.27653 	532
-43 -14 0.27523 	584
-43 -12 0.270502 495
-43 -10 0.27313 	394
-43 -8 0.277218 293
-43 -6 0.274979 296
-43 -4 0.272328 275
-43 -2 0.275624 281
-43 0 0.277002 290
-43 2 0.273053 261
-43 4 0.271714 254
-43 6 0.274617 278
-43 8 0.274785 285
-43 10 0.27334 	423
-43 12 0.273172 503
-43 14 0.275049 555
-43 16 0.27108 	541
-43 18 0.277851 547
-43 20 0.275068 560
-43 22 0.273761 546
-43 24 0.271466 545
-41 -24. 0.276897		580
-41 -22 0.275618 615
-41 -20 0.274101 575
-41 -18 0.274353 572
-41 -16 0.274716 569
-41 -14 0.276057 553
-41 -12 0.271464 498
-41 -10 0.275283 393
-41 -8 0.274932 287
-41 -6 0.273245 268
-41 -4 0.274648 278
-41 -2 0.274469 276
-41 0 0.274659 278
-41 2 0.273236 279
-41 4 0.271048 272
-41 6 0.279263 274
-41 8 0.274535 263
-41 10 0.277577 413
-41 12 0.278741 479
-41 14 0.274628 537
-41 16 0.279632 589
-41 18 0.271418 552
-41 20 0.275775 545
-41 22 0.278831 575
-41 24 0.278408 564
-39 -24. 0.277773		551
-39 -22 0.278883 590
-39 -20 0.273034 577
-39 -18 0.274823 601
-39 -16 0.273968 556
-39 -14 0.274967 588
-39 -12 0.273321 470
-39 -10 0.275556 378
-39 -8 0.27338 	278
-39 -6 0.271206 248
-39 -4 0.273446 282
-39 -2 0.273598 275
-39 0 0.274376 277
-39 2 0.271148 267
-39 4 0.274889 273
-39 6 0.2743 	287
-39 8 0.273511 273
-39 10 0.274039 338
-39 12 0.273229 490
-39 14 0.276675 570
-39 16 0.274202 573
-39 18 0.271726 560
-39 20 0.275658 607
-39 22 0.2738 	573
-39 24 0.27465 	592
-37 -24. 0.270123		587
-37 -22 0.275163 583
-37 -20 0.274918 605
-37 -18 0.273498 555
-37 -16 0.271212 615
-37 -14 0.275713 577
-37 -12 0.27536 	435
-37 -10 0.273912 313
-37 -8 0.274158 278
-37 -6 0.270371 280
-37 -4 0.275206 250
-37 -2 0.273968 311
-37 0 0.273269 277
-37 2 0.270669 283
-37 4 0.274721 288
-37 6 0.272499 301
-37 8 0.273778 290
-37 10 0.271246 304
-37 12 0.275683 435
-37 14 0.280536 585
-37 16 0.272914 589
-37 18 0.273454 619
-37 20 0.271955 538
-37 22 0.276881 613
-37 24 0.269354 534
-35 -24. 0.275856		585
-35 -22 0.273038 605
-35 -20 0.273045 574
-35 -18 0.272932 613
-35 -16 0.278389 590
-35 -14 0.27625 	534
-35 -12 0.276436 379
-35 -10 0.27364 	292
-35 -8 0.275499 302
-35 -6 0.273655 270
-35 -4 0.272048 303
-35 -2 0.271951 298
-35 0 0.273574 271
-35 2 0.276915 286
-35 4 0.27942 	302
-35 6 0.275315 284
-35 8 0.275538 267
-35 10 0.274909 306
-35 12 0.273932 401
-35 14 0.27736 	536
-35 16 0.273646 537
-35 18 0.276312 549
-35 20 0.273159 614
-35 22 0.278227 569
-35 24 0.277624 592
-33 -24. 0.277773		628
-33 -22 0.278021 615
-33 -20 0.279991 622
-33 -18 0.27239 	624
-33 -16 0.278327 613
-33 -14 0.271842 492
-33 -12 0.273226 296
-33 -10 0.272502 298
-33 -8 0.275759 323
-33 -6 0.274749 282
-33 -4 0.273693 279
-33 -2 0.269617 285
-33 0 0.270452 286
-33 2 0.277628 299
-33 4 0.269564 294
-33 6 0.272639 291
-33 8 0.275059 296
-33 10 0.273755 272
-33 12 0.274301 324
-33 14 0.275146 481
-33 16 0.269777 611
-33 18 0.276299 606
-33 20 0.27611 	636
-33 22 0.278764 583
-33 24 0.276975 607
-31 -24. 0.281492		584
-31 -22 0.281808 651
-31 -20 0.275527 626
-31 -18 0.276076 621
-31 -16 0.275468 617
-31 -14 0.276862 460
-31 -12 0.274503 318
-31 -10 0.279594 309
-31 -8 0.273901 334
-31 -6 0.272954 292
-31 -4 0.272659 304
-31 -2 0.277007 295
-31 0 0.275067 304
-31 2 0.272838 265
-31 4 0.275783 316
-31 6 0.275952 324
-31 8 0.274156 299
-31 10 0.274844 293
-31 12 0.269914 305
-31 14 0.277822 484
-31 16 0.271622 585
-31 18 0.277473 627
-31 20 0.275794 596
-31 22 0.277887 655
-31 24 0.27666 	616
-29 -24. 0.280201		614
-29 -22 0.278147 624
-29 -20 0.277792 637
-29 -18 0.277646 633
-29 -16 0.276853 588
-29 -14 0.275774 429
-29 -12 0.27708 	313
-29 -10 0.275042 319
-29 -8 0.27236 	308
-29 -6 0.275458 330
-29 -4 0.271681 306
-29 -2 0.274356 333
-29 0 0.275392 322
-29 2 0.273606 278
-29 4 0.272412 299
-29 6 0.275998 324
-29 8 0.2753 	317
-29 10 0.273132 306
-29 12 0.274617 338
-29 14 0.276397 413
-29 16 0.273565 613
-29 18 0.281052 586
-29 20 0.280128 625
-29 22 0.280085 625
-29 24 0.28026 	604
-27 -24. 0.284769		631
-27 -22 0.284792 633
-27 -20 0.284271 659
-27 -18 0.278068 653
-27 -16 0.277441 521
-27 -14 0.275828 287
-27 -12 0.273703 320
-27 -10 0.275609 309
-27 -8 0.271122 329
-27 -6 0.27151 	314
-27 -4 0.270797 279
-27 -2 0.273494 284
-27 0 0.275119 313
-27 2 0.272862 336
-27 4 0.270553 309
-27 6 0.27505 	298
-27 8 0.273502 358
-27 10 0.274315 303
-27 12 0.275206 304
-27 14 0.279323 355
-27 16 0.275292 560
-27 18 0.275228 608
-27 20 0.280673 597
-27 22 0.28304 	632
-27 24 0.283117 655
-25 -24. 0.284097		633
-25 -22 0.288272 654
-25 -20 0.284209 664
-25 -18 0.28248 	680
-25 -16 0.280659 460
-25 -14 0.282332 360
-25 -12 0.27994 	344
-25 -10 0.280229 330
-25 -8 0.276725 329
-25 -6 0.275893 329
-25 -4 0.272407 319
-25 -2 0.272755 303
-25 0 0.273918 324
-25 2 0.27453 	319
-25 4 0.27382 	324
-25 6 0.274792 335
-25 8 0.270716 326
-25 10 0.279438 346
-25 12 0.280149 310
-25 14 0.279429 335
-25 16 0.278592 466
-25 18 0.283837 687
-25 20 0.284557 650
-25 22 0.283196 644
-25 24 0.290975 688
-23 -24. 0.28683 672
-23 -22 0.292003 723
-23 -20 0.286123 599
-23 -18 0.285134 649
-23 -16 0.280973 362
-23 -14 0.284189 336
-23 -12 0.278376 321
-23 -10 0.280129 341
-23 -8 0.278563 386
-23 -6 0.275169 325
-23 -4 0.273583 313
-23 -2 0.275121 367
-23 0 0.272989 345
-23 2 0.273088 333
-23 4 0.27374 	309
-23 6 0.277396 331
-23 8 0.279836 314
-23 10 0.281568 345
-23 12 0.282554 346
-23 14 0.283725 348
-23 16 0.283606 387
-23 18 0.284628 655
-23 20 0.287656 652
-23 22 0.287109 718
-23 24 0.290623 676
-21 -24. 0.29541 648
-21 -22 0.287934 667
-21 -20 0.290906 681
-21 -18 0.286618 548
-21 -16 0.28649 	351
-21 -14 0.283045 330
-21 -12 0.28424 	360
-21 -10 0.286499 376
-21 -8 0.277194 321
-21 -6 0.279029 302
-21 -4 0.277218 331
-21 -2 0.276276 336
-21 0 0.271439 342
-21 2 0.27338 	335
-21 4 0.27753 	349
-21 6 0.273841 297
-21 8 0.27828 	356
-21 10 0.277049 367
-21 12 0.284336 328
-21 14 0.285833 333
-21 16 0.285507 362
-21 18 0.290895 540
-21 20 0.288364 658
-21 22 0.289663 757
-21 24 0.293495 705
-19 -24. 0.294258		687
-19 -22 0.293448 676
-19 -20 0.29003 	744
-19 -18 0.293897 487
-19 -16 0.285243 368
-19 -14 0.290392 344
-19 -12 0.289671 364
-19 -10 0.286208 336
-19 -8 0.281073 369
-19 -6 0.278832 339
-19 -4 0.276262 322
-19 -2 0.279229 372
-19 0 0.275874 372
-19 2 0.279572 345
-19 4 0.278046 343
-19 6 0.276888 340
-19 8 0.285161 353
-19 10 0.284465 338
-19 12 0.284473 321
-19 14 0.286752 345
-19 16 0.287422 354
-19 18 0.287966 500
-19 20 0.292024 738
-19 22 0.291713 725
-19 24 0.295063 728
-17 -24. 0.298669		727
-17 -22 0.294972 684
-17 -20 0.295507 704
-17 -18 0.295274 355
-17 -16 0.29317 	372
-17 -14 0.291061 363
-17 -12 0.289947 367
-17 -10 0.286942 372
-17 -8 0.284396 338
-17 -6 0.283468 330
-17 -4 0.2812 	332
-17 -2 0.281695 357
-17 0 0.283912 335
-17 2 0.279533 372
-17 4 0.284894 367
-17 6 0.280226 313
-17 8 0.284993 336
-17 10 0.29388 	322
-17 12 0.287368 337
-17 14 0.291067 364
-17 16 0.290575 377
-17 18 0.294158 373
-17 20 0.300646 691
-17 22 0.297081 685
-17 24 0.295539 702
-15 -24. 0.299701		733
-15 -22 0.298653 770
-15 -20 0.301112 621
-15 -18 0.294986 372
-15 -16 0.299511 381
-15 -14 0.293414 336
-15 -12 0.294098 346
-15 -10 0.291467 318
-15 -8 0.289778 357
-15 -6 0.289494 367
-15 -4 0.291133 359
-15 -2 0.287865 358
-15 0 0.285288 345
-15 2 0.287711 363
-15 4 0.290164 355
-15 6 0.288641 389
-15 8 0.290664 360
-15 10 0.292024 375
-15 12 0.29429 	380
-15 14 0.292017 346
-15 16 0.296672 392
-15 18 0.302163 359
-15 20 0.297047 573
-15 22 0.299879 716
-15 24 0.301355 757
-13 -24. 0.304367		756
-13 -22 0.302684 732
-13 -20 0.307726 440
-13 -18 0.302739 390
-13 -16 0.300407 406
-13 -14 0.29834 	371
-13 -12 0.296662 356
-13 -10 0.296234 379
-13 -8 0.295894 393
-13 -6 0.291059 368
-13 -4 0.294537 383
-13 -2 0.298884 366
-13 0 0.299288 375
-13 2 0.292469 398
-13 4 0.295988 368
-13 6 0.294056 355
-13 8 0.295414 369
-13 10 0.293641 374
-13 12 0.29502 	364
-13 14 0.299198 387
-13 16 0.300581 365
-13 18 0.305506 350
-13 20 0.302347 458
-13 22 0.307351 745
-13 24 0.303456 771
-11 -24. 0.306632		779
-11 -22 0.311819 748
-11 -20 0.30648 	365
-11 -18 0.306094 394
-11 -16 0.305851 375
-11 -14 0.302751 350
-11 -12 0.303956 395
-11 -10 0.30059 	371
-11 -8 0.3052 	375
-11 -6 0.30725 	360
-11 -4 0.306396 369
-11 -2 0.304757 382
-11 0 0.310233 365
-11 2 0.308738 378
-11 4 0.302427 327
-11 6 0.305268 358
-11 8 0.302284 423
-11 10 0.30514 	370
-11 12 0.299986 352
-11 14 0.302955 359
-11 16 0.305174 377
-11 18 0.302796 384
-11 20 0.301716 394
-11 22 0.308966 771
-11 24 0.305557 738
-9 -24. 0.315225 803
-9 -22 0.310891 653
-9 -20 0.309102 408
-9 -18 0.312203 411
-9 -16 0.313697 418
-9 -14 0.309162 395
-9 -12 0.310542 381
-9 -10 0.310593 423
-9 -8 0.318472 410
-9 -6 0.318586 392
-9 -4 0.322622 404
-9 -2 0.318212 366
-9 0 0.318046 334
-9 2 0.322687 361
-9 4 0.321392 344
-9 6 0.317611 374
-9 8 0.313272 354
-9 10 0.316413 395
-9 12 0.312417 421
-9 14 0.307855 404
-9 16 0.31173 	424
-9 18 0.318758 400
-9 20 0.311097 415
-9 22 0.314385 639
-9 24 0.311909 748
-7 -24. 0.315624 817
-7 -22 0.320692 413
-7 -20 0.316131 455
-7 -18 0.31796 	431
-7 -16 0.317049 425
-7 -14 0.316459 416
-7 -12 0.320596 356
-7 -10 0.328789 416
-7 -8 0.330267 404
-7 -6 0.331213 361
-7 -4 0.334168 363
-7 -2 0.33242 	356
-7 0 0.3307 	389
-7 2 0.334095 371
-7 4 0.337367 401
-7 6 0.326191 359
-7 8 0.327093 408
-7 10 0.325172 373
-7 12 0.320308 378
-7 14 0.317813 393
-7 16 0.315342 405
-7 18 0.320114 397
-7 20 0.31294 	445
-7 22 0.316117 397
-7 24 0.316336 776
-5 -24. 0.321953 842
-5 -22 0.317197 408
-5 -20 0.318554 436
-5 -18 0.31686 	459
-5 -16 0.328081 404
-5 -14 0.333204 440
-5 -12 0.337872 421
-5 -10 0.341218 386
-5 -8 0.34383 	415
-5 -6 0.344965 416
-5 -4 0.3507 	393
-5 -2 0.347911 410
-5 0 0.347219 410
-5 2 0.34433 	424
-5 4 0.340965 401
-5 6 0.347211 427
-5 8 0.347733 398
-5 10 0.342452 402
-5 12 0.334267 400
-5 14 0.330527 414
-5 16 0.330851 413
-5 18 0.319407 378
-5 20 0.323203 402
-5 22 0.322668 417
-5 24 0.321329 828
-3 -24. 0.330923 725
-3 -22 0.320139 452
-3 -20 0.334634 408
-3 -18 0.343898 408
-3 -16 0.348891 421
-3 -14 0.355519 407
-3 -12 0.355378 419
-3 -10 0.355875 405
-3 -8 0.365173 405
-3 -6 0.363775 428
-3 -4 0.363732 418
-3 -2 0.364941 409
-3 0 0.363821 396
-3 2 0.362541 426
-3 4 0.361662 415
-3 6 0.360662 400
-3 8 0.365534 426
-3 10 0.361993 396
-3 12 0.358907 424
-3 14 0.355139 435
-3 16 0.34792 	456
-3 18 0.342087 458
-3 20 0.331957 424
-3 22 0.323594 417
-3 24 0.323647 724
-1 -24. 0.334462 419
-1 -22 0.35999 	477
-1 -20 0.367004 437
-1 -18 0.375418 468
-1 -16 0.376474 468
-1 -14 0.381519 450
-1 -12 0.377639 445
-1 -10 0.378979 447
-1 -8 0.382579 410
-1 -6 0.385889 426
-1 -4 0.380843 397
-1 -2 0.382656 423
-1 0 0.387045 422
-1 2 0.380319 438
-1 4 0.388415 408
-1 6 0.379332 456
-1 8 0.382628 422
-1 10 0.381106 449
-1 12 0.382397 435
-1 14 0.382371 462
-1 16 0.374467 429
-1 18 0.374955 433
-1 20 0.37033 	411
-1 22 0.356724 457
-1 24 0.331566 426
