* 70 channels from 1 to 8
  0.000000    
  0.000000    
  1.000000    
  3.000000    
  2.000000    
  4.000000    
  3.000000    
  2.000000    
  5.000000    
  19.00000    
  22.00000    
  26.00000    
  34.00000    
  58.00000    
  78.00000    
  123.0000    
  201.0000    
  296.0000    
  414.0000    
  445.0000    
  435.0000    
  460.0000    
  552.0000    
  579.0000    
  304.0000    
  196.0000    
  198.0000    
  185.0000    
  191.0000    
  193.0000    
  165.0000    
  203.0000    
  177.0000    
  218.0000    
  239.0000    
  199.0000    
  205.0000    
  192.0000    
  218.0000    
  165.0000    
  230.0000    
  183.0000    
  216.0000    
  177.0000    
  226.0000    
  208.0000    
  191.0000    
  188.0000    
  153.0000    
  178.0000    
  165.0000    
  197.0000    
  149.0000    
  130.0000    
  117.0000    
  89.00000    
  75.00000    
  55.00000    
  35.00000    
  20.00000    
  5.000000    
  2.000000    
  1.000000    
  0.000000    
  0.000000    
  0.000000    
  0.000000    
  0.000000    
  0.000000    
  0.000000    
