  0.1905E+19  0.1538E+05  0.2410E+04  0.4525E+04
  0.2399E+19  0.9750E+04  0.2572E+04  0.4572E+04
  0.3020E+19  0.9268E+04  0.3145E+04  0.5660E+04
  0.3802E+19  0.7943E+04  0.3608E+04  0.6950E+04
  0.4786E+19  0.8913E+04  0.5493E+04  0.1222E+05
  0.6026E+19  0.4446E+04  0.3641E+04  0.1094E+05
  0.7586E+19  0.1340E+05  0.1097E+05  0.3295E+05
  0.9550E+19  0.9954E+04  0.8860E+04  0.3069E+05
  0.3548E+19  0.1700E+05  0.9718E+03  0.9521E+03
  0.4467E+19  0.1519E+05  0.1071E+04  0.1043E+04
  0.5623E+19  0.1269E+05  0.1142E+04  0.1137E+04
  0.7079E+19  0.1048E+05  0.1243E+04  0.1226E+04
  0.8913E+19  0.1098E+05  0.1530E+04  0.1513E+04
  0.1122E+20  0.9943E+04  0.1756E+04  0.1761E+04
  0.1413E+20  0.1110E+05  0.2268E+04  0.2264E+04
  0.1778E+20  0.1176E+05  0.2850E+04  0.2857E+04
  0.2239E+20  0.4164E+04  0.1990E+04  0.3284E+04
  0.2818E+20  0.1098E+05  0.4034E+04  0.4680E+04
  0.3548E+20  0.1182E+05  0.5081E+04  0.6077E+04
  0.4467E+20  0.1780E+05  0.7656E+04  0.9156E+04
  0.5623E+20  0.5352E+04  0.4442E+04  0.1231E+05
  0.7079E+20  0.8026E+04  0.6630E+04  0.1845E+05
  0.2239E+21  0.5895E+05  0.4892E+05  0.1358E+06
