6.036E+4	4.024E+14	0.000E+0	0.000E+0
6.846E+4	5.092E+14	0.000E+0	0.000E+0
7.843E+4	6.355E+14	0.000E+0	0.000E+0
6.220E+4	7.437E+14	0.000E+0	0.000E+0
7.491E+4	9.812E+14	0.000E+0	0.000E+0
6.678E+4	1.189E+15	0.000E+0	0.000E+0
6.951E+4	1.504E+15	0.000E+0	0.000E+0
7.145E+4	1.876E+15	0.000E+0	0.000E+0
7.390E+4	2.230E+15	0.000E+0	0.000E+0
7.635E+4	2.687E+15	0.000E+0	0.000E+0
8.146E+4	3.306E+15	0.000E+0	0.000E+0
8.865E+4	4.096E+15	0.000E+0	0.000E+0
9.097E+4	5.074E+15	0.000E+0	0.000E+0
8.137E+4	5.901E+15	0.000E+0	0.000E+0
7.184E+4	7.007E+15	0.000E+0	0.000E+0
7.361E+4	9.108E+15	0.000E+0	0.000E+0
7.039E+4	1.136E+16	0.000E+0	0.000E+0
5.941E+4	1.348E+16	0.000E+0	0.000E+0
6.386E+4	1.741E+16	0.000E+0	0.000E+0
5.030E+4	2.094E+16	0.000E+0	0.000E+0
5.423E+4	2.685E+16	0.000E+0	0.000E+0
5.250E+4	3.394E+16	0.000E+0	0.000E+0
4.989E+4	3.977E+16	0.000E+0	0.000E+0
4.549E+4	4.821E+16	0.000E+0	0.000E+0
4.358E+4	6.052E+16	0.000E+0	0.000E+0
4.193E+4	7.597E+16	0.000E+0	0.000E+0
3.841E+4	9.211E+16	0.000E+0	0.000E+0
3.463E+4	1.086E+17	0.000E+0	0.000E+0
3.526E+4	1.402E+17	0.000E+0	0.000E+0
3.417E+4	1.654E+17	0.000E+0	0.000E+0
3.197E+4	2.105E+17	0.000E+0	0.000E+0
2.983E+4	2.334E+17	0.000E+0	0.000E+0
2.832E+4	2.930E+17	3.236E+3	5.203E+3
2.138E+4	3.499E+17	4.576E+3	4.773E+3
2.521E+4	4.398E+17	4.985E+3	4.069E+3
1.249E+4	5.810E+17	4.560E+3	3.900E+3
2.222E+4	7.073E+17	7.838E+3	6.806E+3
1.601E+4	9.695E+17	6.343E+3	7.574E+3
